Date,Open,High,Low,Close,Volume,Adj Close
2016-01-25,28.889999,28.889999,26.950001,26.950001,600,26.950001
2016-01-22,26.90,26.90,26.90,26.90,000,26.90
2016-01-21,26.879999,26.969999,26.879999,26.90,1000,26.90
2016-01-20,26.75,26.77,26.75,26.77,500,26.77
2016-01-19,26.889999,26.889999,26.879999,26.879999,1000,26.879999
2016-01-15,26.75,26.75,26.75,26.75,000,26.75
2016-01-14,26.75,26.75,26.75,26.75,000,26.75
2016-01-13,26.75,26.75,26.75,26.75,000,26.75
2016-01-12,26.75,26.75,26.75,26.75,000,26.75
2016-01-11,26.75,26.75,26.75,26.75,500,26.75
2016-01-08,26.889999,26.889999,26.889999,26.889999,000,26.889999
2016-01-07,26.889999,26.889999,26.889999,26.889999,000,26.889999
2016-01-06,26.889999,26.889999,26.889999,26.889999,000,26.889999
2016-01-05,26.889999,26.889999,26.889999,26.889999,000,26.889999
2016-01-04,26.889999,26.889999,26.889999,26.889999,600,26.889999
2015-12-31,26.60,26.719999,26.459999,26.719999,3500,26.719999
2015-12-30,26.33,26.33,26.33,26.33,200,26.33
2015-12-29,26.799999,26.799999,26.280001,26.66,4200,26.66
2015-12-28,26.860001,26.860001,26.85,26.85,400,26.85
2015-12-24,27.139999,27.139999,26.85,26.85,900,26.85
2015-12-23,26.959999,27.110001,26.950001,27.110001,700,27.110001
2015-12-22,26.90,26.91,26.90,26.91,200,26.91
2015-12-21,26.75,26.75,26.75,26.75,000,26.75
2015-12-18,26.75,26.75,26.75,26.75,700,26.75
2015-12-17,26.889999,26.889999,26.889999,26.889999,000,26.889999
2015-12-16,26.860001,27.110001,26.76,26.889999,3500,26.889999
2015-12-15,26.67,27.75,26.67,26.790001,6600,26.790001
2015-12-14,26.690001,26.799999,26.67,26.67,2800,26.67
2015-12-11,26.68,26.809999,26.34,26.700001,2500,26.700001
2015-12-10,26.60,26.67,26.60,26.67,300,26.67
2015-12-09,26.68,26.74,26.459999,26.60,11700,26.60
2015-12-08,26.60,26.629999,26.60,26.610001,1000,26.610001
2015-12-07,26.459999,26.59,26.459999,26.50,1400,26.50
2015-12-04,26.440001,26.639999,26.440001,26.60,9400,26.60
2015-12-03,26.52,26.68,26.43,26.620001,27600,26.620001
2015-12-02,26.540001,26.60,26.52,26.60,900,26.60
2015-12-01,26.530001,26.57,26.43,26.51,2100,26.51
2015-11-30,26.610001,26.610001,26.309999,26.309999,5800,26.309999
2015-11-27,26.559999,26.860001,26.52,26.58,5200,26.58
2015-11-25,26.41,26.459999,26.35,26.459999,700,26.459999
2015-11-24,26.309999,26.48,26.309999,26.43,8000,26.43
2015-11-23,26.379999,26.51,26.33,26.33,2500,26.33
2015-11-20,26.35,26.35,26.35,26.35,700,26.35
2015-11-19,26.52,26.52,26.360001,26.360001,9500,26.360001
2015-11-18,26.639999,26.73,26.01,26.299999,54900,26.299999
2015-11-17,27.059999,27.280001,26.540001,26.66,38600,26.66
2015-11-16,27.15,27.450001,26.370001,26.93,44100,26.93
2015-11-13,27.049999,27.049999,27.049999,27.049999,100,27.049999
2015-11-12,27.25,27.25,27.25,27.25,000,27.25
2015-11-11,27.299999,27.309999,27.200001,27.25,2500,27.25
2015-11-10,27.25,27.280001,27.139999,27.219999,4100,27.219999
2015-11-09,27.32,27.389999,27.08,27.08,33100,27.08
2015-11-06,27.719999,27.74,26.549999,26.91,31900,26.91
2015-11-05,27.33,27.33,26.90,27.00,51700,27.00
2015-11-04,27.35,27.35,27.10,27.200001,10400,27.200001
2015-11-03,27.219999,28.129999,26.959999,27.33,86700,27.33
2015-11-02,26.34,27.74,26.299999,27.41,113400,27.41
2015-10-30,26.50,26.57,26.16,26.299999,48300,26.299999
2015-10-29,26.700001,26.83,26.65,26.709999,9300,26.709999
2015-10-28,26.709999,26.879999,26.709999,26.82,9200,26.82
2015-10-27,26.549999,26.709999,26.549999,26.700001,3900,26.700001
2015-10-26,26.50,26.92,26.50,26.74,13400,26.74
2015-10-23,26.700001,26.700001,26.52,26.559999,700,26.559999
2015-10-22,26.51,26.620001,26.51,26.610001,500,26.610001
2015-10-21,26.700001,26.700001,26.59,26.620001,2000,26.620001
2015-10-20,26.51,26.68,26.51,26.639999,700,26.639999
2015-10-19,26.51,26.719999,26.51,26.66,1500,26.66
2015-10-16,26.969999,26.969999,26.48,26.620001,5800,26.620001
2015-10-15,26.52,26.65,26.25,26.42,5800,26.42
2015-10-14,26.60,26.709999,26.389999,26.389999,3300,26.389999
2015-10-13,27.27,27.35,26.15,26.35,70700,26.35
2015-10-12,27.280001,27.530001,27.24,27.530001,3400,27.530001
2015-10-09,27.60,28.65,27.41,27.620001,91000,27.620001
2015-10-08,27.60,28.700001,27.27,27.33,90700,27.33
2015-10-07,27.34,28.74,27.34,27.41,47200,27.41
2015-10-06,27.780001,28.74,27.290001,27.540001,63300,27.540001
2015-10-05,27.049999,28.309999,27.040001,27.65,99500,27.65
2015-10-02,27.040001,27.23,27.02,27.059999,25100,27.059999
2015-10-01,27.200001,27.26,26.860001,26.860001,8900,26.860001
2015-09-30,27.50,27.50,27.50,27.50,300,27.50
2015-09-29,26.309999,26.799999,26.309999,26.60,1300,26.60
2015-09-28,27.02,27.02,27.02,27.02,300,27.02
2015-09-25,27.76,27.76,27.110001,27.110001,2000,27.110001
2015-09-24,28.450001,28.75,27.74,27.860001,9100,27.332001
2015-09-23,28.02,28.50,28.02,28.50,3900,27.959871
2015-09-22,27.709999,28.75,27.59,28.60,8900,28.057976
2015-09-21,27.82,27.82,27.709999,27.709999,2100,27.184842
2015-09-18,27.15,27.950001,26.719999,27.799999,91100,27.273137
2015-09-17,27.15,27.17,27.02,27.02,13600,26.50792
2015-09-16,27.42,27.42,27.030001,27.16,4800,26.645266
2015-09-15,27.60,27.60,27.049999,27.200001,63100,26.684509
2015-09-14,27.50,27.50,27.50,27.50,000,26.978823
2015-09-11,27.50,27.50,27.50,27.50,000,26.978823
2015-09-10,27.559999,27.559999,27.50,27.50,3900,26.978823
2015-09-09,27.42,27.42,27.42,27.42,300,26.900339
2015-09-08,27.24,27.24,27.24,27.24,000,26.72375
2015-09-04,27.24,27.24,27.24,27.24,000,26.72375
2015-09-03,27.24,27.24,27.24,27.24,000,26.72375
2015-09-02,27.24,27.24,27.24,27.24,000,26.72375
2015-09-01,27.24,27.24,27.24,27.24,000,26.72375
2015-08-31,27.24,27.24,27.24,27.24,000,26.72375
2015-08-28,27.24,27.24,27.24,27.24,000,26.72375
2015-08-27,27.24,27.24,27.24,27.24,000,26.72375
2015-08-26,27.24,27.24,27.24,27.24,000,26.72375
2015-08-25,28.17,28.17,27.24,27.24,300,26.72375
2015-08-24,27.50,27.50,27.50,27.50,4100,26.978823
2015-08-21,27.50,27.50,27.50,27.50,000,26.978823
2015-08-20,27.969999,27.969999,27.50,27.50,600,26.978823
2015-08-19,27.52,27.52,27.52,27.52,000,26.998444
2015-08-18,27.52,27.52,27.52,27.52,000,26.998444
2015-08-17,27.52,27.52,27.52,27.52,200,26.998444
2015-08-14,27.370001,27.370001,27.370001,27.370001,000,26.851288
2015-08-13,27.559999,27.59,27.370001,27.370001,1500,26.851288
2015-08-12,27.549999,27.549999,27.549999,27.549999,000,27.027875
2015-08-11,27.469999,27.610001,27.469999,27.549999,1100,27.027875
2015-08-10,27.459999,27.459999,27.459999,27.459999,100,26.93958
2015-08-07,27.540001,27.690001,27.540001,27.690001,900,27.165223
2015-08-06,27.299999,27.299999,27.299999,27.299999,000,26.782613
2015-08-05,27.299999,27.299999,27.299999,27.299999,000,26.782613
2015-08-04,27.299999,27.299999,27.299999,27.299999,000,26.782613
2015-08-03,27.299999,27.299999,27.299999,27.299999,000,26.782613
2015-07-31,27.700001,27.700001,27.299999,27.299999,700,26.782613
2015-07-30,28.00,28.00,27.35,27.35,3000,26.831666
2015-07-29,27.33,27.33,27.33,27.33,000,26.812045
2015-07-28,27.33,27.33,27.33,27.33,200,26.812045
2015-07-27,27.40,27.60,27.40,27.60,300,27.076928
2015-07-24,27.209999,27.209999,27.209999,27.209999,000,26.694318
2015-07-23,27.23,27.25,27.200001,27.209999,2900,26.694318
2015-07-22,27.34,27.34,27.25,27.25,700,26.733561
2015-07-21,27.27,27.27,27.27,27.27,300,26.753182
2015-07-20,27.25,27.440001,27.110001,27.27,7100,26.753182
2015-07-17,27.629999,27.629999,27.50,27.50,5900,26.978823
2015-07-16,28.309999,28.309999,27.639999,27.74,1600,27.214274
2015-07-15,28.52,28.52,27.969999,27.99,3000,27.459536
2015-07-14,28.66,28.879999,28.52,28.52,1900,27.979492
2015-07-13,28.73,28.74,28.370001,28.370001,600,27.832336
2015-07-10,29.469999,29.469999,28.27,28.32,10700,27.783282
2015-07-09,29.790001,29.92,29.040001,29.07,7700,28.519068
2015-07-08,29.950001,30.32,29.129999,29.129999,9200,28.577931
2015-07-07,29.959999,29.969999,29.65,29.65,2300,29.088076
2015-07-06,29.790001,30.35,29.57,29.950001,6700,29.382392
2015-07-02,30.17,30.17,29.690001,29.690001,6700,29.127319
2015-07-01,30.07,30.219999,29.83,30.01,2400,29.441254
2015-06-30,30.67,30.67,29.77,29.98,9500,29.411822
2015-06-29,30.50,30.50,30.50,30.50,000,29.921967
2015-06-26,30.50,30.50,30.309999,30.50,5200,29.921967
2015-06-25,30.440001,30.65,30.290001,30.49,10500,29.912157
2015-06-24,30.41,30.459999,30.34,30.35,2500,29.256817
2015-06-23,30.26,30.379999,30.01,30.290001,5600,29.198979
2015-06-22,30.33,30.41,30.120001,30.17,5200,29.083301
2015-06-19,30.50,30.530001,30.049999,30.049999,1900,28.967622
2015-06-18,30.459999,30.690001,30.299999,30.35,4500,29.256817
2015-06-17,30.51,30.52,30.17,30.209999,2800,29.121859
2015-06-16,30.60,31.01,30.09,30.34,18200,29.247177
2015-06-15,31.26,31.309999,30.33,30.440001,15200,29.343576
2015-06-12,31.52,31.60,30.90,31.030001,11200,29.912325
2015-06-11,31.60,31.91,31.02,31.299999,34400,30.172598
2015-06-10,31.629999,32.029999,31.52,31.52,13700,30.384675
2015-06-09,31.639999,31.85,31.450001,31.450001,9200,30.317197
2015-06-08,31.65,31.93,31.42,31.469999,47000,30.336475
2015-06-05,31.620001,31.969999,31.52,31.549999,6800,30.413593
2015-06-04,31.620001,32.330002,31.450001,31.459999,35200,30.326835
2015-06-03,31.459999,31.459999,31.18,31.190001,5100,30.066561
2015-06-02,31.540001,31.76,31.26,31.26,10500,30.13404
2015-06-01,31.469999,31.959999,31.299999,31.610001,22600,30.471433
2015-05-29,31.530001,32.360001,31.190001,31.620001,160800,30.481074
2015-05-28,31.700001,31.84,31.34,31.49,41300,30.355755
2015-05-27,30.629999,32.220001,30.51,31.950001,155800,30.799187
2015-05-26,29.370001,30.889999,29.07,30.450001,169400,29.353216
2015-05-22,30.23,30.23,29.02,29.389999,102500,28.331395
2015-05-21,29.17,30.75,29.17,30.26,58400,29.170059
2015-05-20,27.92,30.940001,27.92,30.23,166200,29.141139
2015-05-19,28.99,29.23,28.84,28.98,98300,27.936163
2015-05-18,28.16,29.24,27.60,28.84,130300,27.801206
2015-05-15,28.85,29.67,28.030001,28.299999,91600,27.280656
2015-05-14,28.219999,28.879999,28.00,28.49,28400,27.463813
2015-05-13,28.73,28.950001,28.639999,28.700001,31600,27.66625
2015-05-12,28.60,28.91,28.59,28.700001,68600,27.66625
2015-05-11,28.440001,28.780001,28.440001,28.50,38900,27.473453
2015-05-08,28.200001,28.83,28.200001,28.459999,76700,27.434893
2015-05-07,28.48,28.620001,28.00,28.110001,20300,27.097501
2015-05-06,28.23,29.00,28.219999,28.42,67300,27.396334
2015-05-05,26.709999,28.23,26.709999,27.940001,87800,26.933624
2015-05-04,26.67,27.00,26.67,27.00,12100,26.027481
2015-05-01,26.959999,27.030001,26.959999,27.030001,11500,26.056402
2015-04-30,26.700001,27.030001,26.700001,26.90,21800,25.931083
2015-04-29,26.90,26.99,26.90,26.99,8400,26.017841
2015-04-28,26.879999,27.01,26.84,26.84,5200,25.873245
2015-04-27,27.030001,27.059999,26.969999,27.040001,25800,26.066042
2015-04-24,26.969999,27.01,26.85,26.860001,40000,25.892525
2015-04-23,26.99,27.26,26.950001,27.059999,19500,26.08532
2015-04-22,26.90,27.200001,26.90,26.950001,47600,25.979283
2015-04-21,26.90,26.90,26.879999,26.879999,7200,25.911803
2015-04-20,27.07,27.200001,26.870001,26.950001,8000,25.979283
2015-04-17,26.90,27.049999,26.90,27.049999,7300,26.07568
2015-04-16,27.09,27.209999,27.08,27.129999,2100,26.152798
2015-04-15,26.889999,26.959999,26.889999,26.91,700,25.940723
2015-04-14,26.90,26.90,26.799999,26.879999,2800,25.911803
2015-04-13,26.860001,26.860001,26.860001,26.860001,2600,25.892525
2015-04-10,26.889999,26.98,26.780001,26.860001,6200,25.892525
2015-04-09,26.889999,26.889999,26.889999,26.889999,000,25.921443
2015-04-08,26.65,27.040001,26.65,26.889999,30300,25.921443
2015-04-07,27.129999,27.34,26.889999,27.030001,21300,26.056402
2015-04-06,26.940001,27.23,26.870001,27.00,18000,26.027481
2015-04-02,26.860001,26.940001,26.83,26.940001,1900,25.969643
2015-04-01,26.709999,26.709999,26.709999,26.709999,100,25.747926
2015-03-31,26.91,26.91,26.73,26.82,5900,25.853965
2015-03-30,26.82,26.91,26.82,26.90,4800,25.931083
2015-03-27,27.08,27.08,26.91,26.969999,20400,25.998561
2015-03-26,27.00,27.09,26.66,27.049999,77000,26.07568
2015-03-25,27.780001,28.219999,27.219999,27.379999,179100,25.884811
2015-03-24,28.25,28.25,27.709999,27.98,79600,26.452046
2015-03-23,28.190001,28.24,27.98,27.98,58300,26.452046
2015-03-20,27.799999,28.25,27.219999,28.02,144900,26.489863
2015-03-19,27.82,27.959999,27.76,27.790001,20300,26.272423
2015-03-18,27.440001,28.07,27.42,27.709999,100000,26.19679
2015-03-17,27.52,27.530001,27.40,27.469999,15700,25.969897
2015-03-16,27.34,27.540001,27.34,27.459999,32900,25.960443
2015-03-13,27.459999,27.73,27.40,27.49,36900,25.988805
2015-03-12,27.41,27.540001,27.41,27.50,34900,25.998259
2015-03-11,27.41,27.48,27.41,27.41,1700,25.913174
2015-03-10,28.10,28.219999,27.290001,27.50,95100,25.998259
2015-03-09,28.049999,28.219999,27.549999,28.02,84100,26.489863
2015-03-06,27.99,28.18,27.950001,27.969999,65500,26.442592
2015-03-05,27.99,28.23,27.440001,27.91,121600,26.385869
2015-03-04,28.030001,28.17,27.959999,27.959999,53600,26.433138
2015-03-03,28.08,28.17,27.93,28.10,35300,26.565494
2015-03-02,28.02,28.190001,27.91,28.110001,31500,26.574948
2015-02-27,28.02,28.16,27.66,28.15,34300,26.612763
2015-02-26,27.969999,28.190001,27.709999,27.879999,20800,26.357507
2015-02-25,28.01,28.25,27.879999,27.969999,40300,26.442592
2015-02-24,26.90,28.24,26.799999,28.10,132100,26.565494
2015-02-23,27.780001,28.219999,26.82,26.959999,89000,25.487747
2015-02-20,27.75,27.940001,27.66,27.66,1500,26.149521
2015-02-19,26.84,28.379999,26.77,27.620001,79600,26.111707
2015-02-18,26.82,26.84,26.82,26.84,8200,25.374301
2015-02-17,26.809999,26.959999,26.719999,26.82,26000,25.355393
2015-02-13,26.780001,26.83,26.709999,26.799999,8300,25.336484
2015-02-12,26.780001,26.93,26.780001,26.90,4500,25.431024
2015-02-11,26.780001,26.780001,26.73,26.73,300,25.270307
2015-02-10,26.719999,26.98,26.719999,26.77,5300,25.308124
2015-02-09,26.84,26.879999,26.719999,26.75,6900,25.289216
2015-02-06,26.73,26.75,26.700001,26.75,2300,25.289216
2015-02-05,26.719999,26.790001,26.719999,26.790001,1700,25.327032
2015-02-04,26.889999,26.889999,26.67,26.68,2800,25.223039
2015-02-03,26.860001,26.889999,26.84,26.84,400,25.374301
2015-02-02,26.82,26.92,26.690001,26.799999,11300,25.336484
2015-01-30,26.77,26.77,26.77,26.77,000,25.308124
2015-01-29,26.83,26.940001,26.77,26.77,5300,25.308124
2015-01-28,26.780001,27.01,26.780001,26.82,15100,25.355393
2015-01-27,26.879999,27.17,26.879999,27.120001,6200,25.639011
2015-01-26,28.84,28.84,26.440001,27.23,188700,25.743003
2015-01-23,28.34,28.73,27.85,27.85,40100,26.329146
2015-01-22,28.50,28.879999,28.200001,28.23,27000,26.688394
2015-01-21,27.030001,28.799999,27.030001,28.049999,122600,26.518223
2015-01-20,26.969999,27.360001,26.969999,27.309999,5000,25.818634
2015-01-16,27.09,27.50,27.08,27.299999,16600,25.80918
2015-01-15,26.84,27.07,26.84,26.99,9200,25.516109
2015-01-14,26.73,27.15,26.73,26.93,14300,25.459386
2015-01-13,27.27,27.32,26.889999,27.02,14800,25.544472
2015-01-12,26.82,27.959999,26.690001,27.959999,28500,26.433138
2015-01-09,26.75,26.98,26.66,26.98,39400,25.506655
2015-01-08,26.780001,26.84,26.530001,26.719999,2500,25.260853
2015-01-07,26.67,26.780001,26.549999,26.65,31400,25.194676
2015-01-06,26.83,26.83,26.51,26.60,19300,25.147407
2015-01-05,26.98,27.24,26.809999,26.969999,6100,25.497201
2015-01-02,28.24,28.879999,26.709999,26.709999,18100,25.251399
2014-12-31,28.530001,28.879999,28.24,28.25,30900,26.707302
2014-12-30,28.309999,28.870001,28.09,28.10,19600,26.565494
2014-12-29,28.379999,28.870001,28.129999,28.129999,7900,26.593855
2014-12-26,28.48,28.870001,28.030001,28.139999,9300,26.603309
2014-12-24,28.540001,28.870001,28.51,28.75,15500,26.68083
2014-12-23,27.67,28.860001,26.780001,28.559999,22700,26.504504
2014-12-22,27.139999,28.24,26.76,28.24,12900,26.207535
2014-12-19,26.98,27.26,26.76,27.26,12900,25.298068
2014-12-18,26.969999,27.09,26.75,27.07,21300,25.121742
2014-12-17,28.08,28.879999,26.83,26.85,15200,24.917576
2014-12-16,28.280001,28.879999,28.16,28.16,9100,26.133293
2014-12-15,28.34,28.860001,27.950001,27.950001,24600,25.938408
2014-12-12,27.27,28.870001,26.77,28.84,38000,26.764353
2014-12-11,27.17,27.42,26.75,27.42,5500,25.446552
2014-12-10,27.200001,27.219999,26.809999,27.219999,8700,25.260946
2014-12-09,26.73,27.15,26.73,27.030001,7000,25.084621
2014-12-08,26.73,26.879999,26.58,26.879999,17000,24.945416
2014-12-05,26.700001,26.879999,26.51,26.879999,15000,24.945416
2014-12-04,26.629999,26.719999,26.530001,26.639999,12900,24.722689
2014-12-03,26.65,26.67,26.65,26.67,200,24.75053
2014-12-02,27.809999,28.219999,26.540001,26.889999,12200,24.954696
2014-12-01,28.219999,28.219999,27.540001,27.879999,10400,25.873444
2014-11-28,27.90,28.18,27.74,27.74,3300,25.743521
2014-11-26,28.25,28.25,27.76,27.889999,12900,25.882725
2014-11-25,26.77,28.219999,26.77,27.77,16400,25.771362
2014-11-24,26.34,27.49,26.34,26.950001,12700,25.010379
2014-11-21,27.049999,27.049999,26.32,26.370001,18700,24.472122
2014-11-20,26.99,26.99,26.99,26.99,800,25.047499
2014-11-19,27.51,27.51,26.48,26.780001,6700,24.852614
2014-11-18,27.709999,28.16,27.299999,27.299999,2700,25.335188
2014-11-17,27.92,28.42,27.73,27.969999,12400,25.956967
2014-11-14,27.209999,28.50,27.209999,28.440001,19800,26.393142
2014-11-13,26.98,27.68,26.290001,27.059999,3300,25.112461
2014-11-12,26.57,27.450001,26.35,26.60,6200,24.685569
2014-11-11,26.52,26.58,26.040001,26.450001,2300,24.546365
2014-11-10,26.370001,26.450001,26.040001,26.450001,5800,24.546365
2014-11-07,26.200001,26.33,26.040001,26.110001,5800,24.230835
2014-11-06,26.15,26.15,26.15,26.15,000,24.267955
2014-11-05,26.190001,26.190001,25.92,26.15,5800,24.267955
2014-11-04,26.549999,26.549999,25.98,26.120001,9200,24.240115
2014-11-03,27.00,27.00,26.50,26.50,6400,24.592765
2014-10-31,27.00,27.17,26.559999,27.15,1800,25.195984
2014-10-30,27.35,27.35,27.35,27.35,200,25.38159
2014-10-29,26.50,26.799999,26.50,26.60,1100,24.685569
2014-10-28,26.700001,26.700001,26.700001,26.700001,100,24.778372
2014-10-27,26.629999,26.629999,26.629999,26.629999,600,24.713408
2014-10-24,26.74,26.74,26.74,26.74,000,24.815492
2014-10-23,26.75,26.75,26.74,26.74,800,24.815492
2014-10-22,26.299999,26.450001,26.299999,26.450001,600,24.546365
2014-10-21,26.25,26.65,26.25,26.50,700,24.592765
2014-10-20,26.02,26.02,25.799999,25.799999,1600,23.943144
2014-10-17,26.50,26.50,26.25,26.25,2700,24.360758
2014-10-16,26.25,26.25,25.15,25.50,7800,23.664736
2014-10-15,27.059999,27.059999,26.25,26.25,5100,24.360758
2014-10-14,28.780001,28.780001,25.469999,26.25,20400,24.360758
2014-10-13,28.60,28.60,28.030001,28.049999,5000,26.031209
2014-10-10,28.67,28.67,28.07,28.190001,14100,26.161135
2014-10-09,28.110001,28.639999,28.08,28.08,12900,26.059051
2014-10-08,27.219999,28.73,26.959999,28.040001,26700,26.021931
2014-10-07,27.23,27.26,26.91,27.18,14300,25.223825
2014-10-06,26.639999,27.35,26.58,27.35,11300,25.38159
2014-10-03,27.459999,28.41,26.799999,28.17,79000,26.142574
2014-10-02,27.49,27.50,26.59,27.190001,33900,25.233106
2014-10-01,27.50,27.50,27.50,27.50,1300,25.520794
2014-09-30,27.75,27.75,27.75,27.75,1700,25.752801
2014-09-29,28.00,28.120001,27.07,27.440001,8100,25.465113
2014-09-26,28.09,28.780001,27.60,27.719999,20100,25.72496
2014-09-25,27.91,27.91,27.860001,27.860001,1800,25.854885
2014-09-24,27.90,28.43,27.90,28.219999,4300,25.698975
2014-09-23,28.469999,28.780001,27.90,27.90,25600,25.407562
2014-09-22,28.51,28.90,28.41,28.90,13800,26.318228
2014-09-19,28.33,30.50,28.27,28.34,29600,25.808256
2014-09-18,27.73,30.99,27.73,28.65,16100,26.090561
2014-09-17,27.93,28.129999,27.93,28.030001,2000,25.52595
2014-09-16,27.860001,28.049999,27.77,28.049999,5800,25.544162
2014-09-15,27.790001,28.190001,27.75,28.15,16500,25.635229
2014-09-12,27.290001,28.43,27.27,28.040001,30500,25.535057
2014-09-11,27.200001,27.24,27.200001,27.24,600,24.806523
2014-09-10,27.15,27.360001,27.059999,27.129999,3600,24.70635
2014-09-09,27.01,27.190001,27.01,27.18,1200,24.751884
2014-09-08,27.33,27.34,27.25,27.25,1200,24.81563
2014-09-05,27.25,27.25,27.25,27.25,200,24.81563
2014-09-04,27.379999,27.379999,27.10,27.280001,7000,24.842951
2014-09-03,27.389999,27.389999,27.389999,27.389999,000,24.943123
2014-09-02,27.309999,27.389999,27.309999,27.389999,700,24.943123
2014-08-29,27.459999,27.459999,27.459999,27.459999,000,25.006869
2014-08-28,27.459999,27.459999,27.459999,27.459999,000,25.006869
2014-08-27,27.200001,27.459999,27.200001,27.459999,12400,25.006869
2014-08-26,27.450001,27.450001,27.299999,27.34,1900,24.89759
2014-08-25,27.25,27.35,27.25,27.34,18400,24.89759
2014-08-22,27.299999,27.34,27.219999,27.33,25600,24.888483
2014-08-21,27.219999,27.35,27.08,27.34,27000,24.89759
2014-08-20,27.219999,27.360001,27.139999,27.299999,22400,24.861163
2014-08-19,27.309999,27.309999,27.309999,27.309999,000,24.87027
2014-08-18,27.450001,27.450001,27.219999,27.309999,9700,24.87027
2014-08-15,27.450001,27.450001,27.209999,27.299999,27000,24.861163
2014-08-14,27.10,27.309999,27.10,27.27,17500,24.833844
2014-08-13,27.00,27.299999,26.969999,27.280001,34300,24.842951
2014-08-12,27.030001,27.27,27.00,27.24,50100,24.806523
2014-08-11,26.84,27.24,26.540001,27.24,17800,24.806523
2014-08-08,26.559999,26.559999,26.559999,26.559999,000,24.187271
2014-08-07,26.75,26.75,26.559999,26.559999,800,24.187271
2014-08-06,27.00,27.00,27.00,27.00,000,24.587964
2014-08-05,27.00,27.00,27.00,27.00,400,24.587964
2014-08-04,26.75,26.75,26.75,26.75,200,24.360298
2014-08-01,26.43,26.43,26.43,26.43,000,24.068885
2014-07-31,26.43,26.43,26.43,26.43,000,24.068885
2014-07-30,26.43,26.43,26.43,26.43,000,24.068885
2014-07-29,26.43,26.43,26.43,26.43,000,24.068885
2014-07-28,26.43,26.43,26.43,26.43,200,24.068885
2014-07-25,27.469999,27.469999,27.469999,27.469999,000,25.015976
2014-07-24,26.50,27.469999,26.50,27.469999,2100,25.015976
2014-07-23,26.549999,26.549999,26.549999,26.549999,000,24.178164
2014-07-22,26.549999,26.549999,26.549999,26.549999,300,24.178164
2014-07-21,26.67,26.67,26.67,26.67,100,24.287445
2014-07-18,26.50,26.50,26.50,26.50,300,24.132631
2014-07-17,26.35,26.450001,26.35,26.450001,1100,24.087099
2014-07-16,26.209999,26.209999,26.209999,26.209999,100,23.868538
2014-07-15,26.35,26.40,26.209999,26.40,3900,24.041564
2014-07-14,26.280001,26.280001,26.27,26.280001,1000,23.932286
2014-07-11,27.48,27.49,26.280001,26.280001,700,23.932286
2014-07-10,26.440001,26.440001,26.440001,26.440001,000,24.077992
2014-07-09,26.540001,26.540001,26.440001,26.440001,2100,24.077992
2014-07-08,26.65,26.65,26.65,26.65,000,24.269231
2014-07-07,26.65,26.65,26.65,26.65,1000,24.269231
2014-07-03,26.309999,26.75,26.309999,26.709999,1900,24.32387
2014-07-02,26.75,26.75,26.27,26.27,300,23.923179
2014-07-01,26.700001,26.700001,26.700001,26.700001,000,24.314765
2014-06-30,26.700001,26.700001,26.700001,26.700001,000,24.314765
2014-06-27,26.73,26.73,26.700001,26.700001,600,24.314765
2014-06-26,26.50,26.50,26.50,26.50,000,24.132631
2014-06-25,26.309999,26.50,26.309999,26.50,400,24.132631
2014-06-24,26.60,26.74,26.60,26.74,1700,23.87036
2014-06-23,26.549999,26.58,26.549999,26.549999,2000,23.70075
2014-06-20,26.450001,26.75,26.450001,26.75,800,23.879287
2014-06-19,26.370001,26.370001,26.370001,26.370001,000,23.540068
2014-06-18,26.370001,26.370001,26.370001,26.370001,200,23.540068
2014-06-17,26.299999,26.299999,26.299999,26.299999,000,23.477579
2014-06-16,26.299999,26.299999,26.299999,26.299999,000,23.477579
2014-06-13,26.299999,26.299999,26.299999,26.299999,200,23.477579
2014-06-12,26.379999,26.450001,26.25,26.25,2900,23.432945
2014-06-11,26.75,26.75,26.75,26.75,300,23.879287
2014-06-10,26.25,26.25,26.25,26.25,000,23.432945
2014-06-09,26.25,26.25,26.25,26.25,000,23.432945
2014-06-06,26.25,26.25,26.25,26.25,100,23.432945
2014-06-05,26.26,26.73,26.040001,26.16,3100,23.352603
2014-06-04,26.360001,26.75,26.27,26.73,1800,23.861433
2014-06-03,27.49,27.49,27.49,27.49,500,24.539873
2014-06-02,27.290001,27.290001,27.290001,27.290001,000,24.361337
2014-05-30,27.290001,27.290001,27.290001,27.290001,000,24.361337
2014-05-29,27.50,27.50,27.280001,27.290001,700,24.361337
2014-05-28,27.450001,27.49,27.450001,27.459999,2000,24.513092
2014-05-27,27.450001,27.450001,27.450001,27.450001,000,24.504166
2014-05-23,27.50,27.50,27.450001,27.450001,800,24.504166
2014-05-22,27.440001,27.49,27.440001,27.49,400,24.539873
2014-05-21,26.559999,26.559999,26.559999,26.559999,000,23.709677
2014-05-20,26.559999,26.559999,26.559999,26.559999,000,23.709677
2014-05-19,26.559999,26.559999,26.559999,26.559999,000,23.709677
2014-05-16,26.559999,26.559999,26.559999,26.559999,000,23.709677
2014-05-15,26.559999,26.559999,26.559999,26.559999,000,23.709677
2014-05-14,26.559999,26.559999,26.559999,26.559999,000,23.709677
2014-05-13,26.559999,26.559999,26.559999,26.559999,000,23.709677
2014-05-12,26.559999,26.559999,26.559999,26.559999,000,23.709677
2014-05-09,26.559999,26.559999,26.559999,26.559999,000,23.709677
2014-05-08,26.559999,26.559999,26.559999,26.559999,000,23.709677
2014-05-07,26.559999,26.559999,26.559999,26.559999,000,23.709677
2014-05-06,26.559999,26.559999,26.559999,26.559999,400,23.709677
2014-05-05,27.700001,27.700001,27.23,27.23,500,24.307775
2014-05-02,26.82,27.58,26.75,27.58,1800,24.620214
2014-05-01,26.540001,26.540001,26.540001,26.540001,100,23.691824
2014-04-30,27.00,27.00,26.25,26.719999,2800,23.852506
2014-04-29,27.08,27.08,27.08,27.08,400,24.173873
2014-04-28,26.559999,26.559999,26.559999,26.559999,000,23.709677
2014-04-25,26.549999,26.60,26.549999,26.559999,2000,23.709677
2014-04-24,26.709999,26.709999,26.709999,26.709999,000,23.843579
2014-04-23,26.60,26.709999,26.60,26.709999,2000,23.843579
2014-04-22,26.299999,26.299999,26.299999,26.299999,200,23.477579
2014-04-21,26.26,26.26,26.26,26.26,000,23.441872
2014-04-17,26.040001,26.26,26.040001,26.26,900,23.441872
2014-04-16,25.82,25.82,25.82,25.82,1000,23.049091
2014-04-15,26.75,26.75,26.75,26.75,000,23.879287
2014-04-14,26.620001,26.799999,26.450001,26.75,2900,23.879287
2014-04-11,27.10,27.10,26.90,26.90,1400,24.013189
2014-04-10,26.50,26.65,26.40,26.65,1300,23.790018
2014-04-09,26.50,26.75,26.450001,26.75,3700,23.879287
2014-04-08,26.41,26.41,26.41,26.41,600,23.575774
2014-04-07,27.00,27.00,27.00,27.00,000,24.102458
2014-04-04,27.00,27.00,27.00,27.00,000,24.102458
2014-04-03,26.450001,27.00,26.33,27.00,1500,24.102458
2014-04-02,26.530001,26.85,26.50,26.73,10100,23.861433
2014-04-01,26.620001,26.84,26.209999,26.68,3400,23.816799
2014-03-31,26.75,26.75,26.360001,26.58,6700,23.727531
2014-03-28,26.50,26.629999,26.360001,26.469999,11000,23.629335
2014-03-27,26.35,26.65,26.200001,26.450001,19300,23.611483
2014-03-26,26.790001,26.790001,26.40,26.73,21100,23.861433
2014-03-25,26.719999,26.98,26.709999,26.709999,700,23.372243
2014-03-24,26.950001,26.950001,26.950001,26.950001,000,23.582253
2014-03-21,26.950001,26.950001,26.950001,26.950001,000,23.582253
2014-03-20,26.950001,26.950001,26.950001,26.950001,000,23.582253
2014-03-19,26.950001,26.950001,26.950001,26.950001,000,23.582253
2014-03-18,27.00,27.00,26.950001,26.950001,1200,23.582253
2014-03-17,26.540001,26.540001,26.540001,26.540001,100,23.223488
2014-03-14,26.16,26.16,26.16,26.16,000,22.890973
2014-03-13,26.16,26.16,26.16,26.16,000,22.890973
2014-03-12,26.16,26.16,26.16,26.16,000,22.890973
2014-03-11,26.16,26.16,26.16,26.16,200,22.890973
2014-03-10,26.219999,26.219999,26.219999,26.219999,000,22.943475
2014-03-07,26.219999,26.219999,26.219999,26.219999,2800,22.943475
2014-03-06,26.50,26.50,26.50,26.50,000,23.188486
2014-03-05,26.50,26.50,26.50,26.50,000,23.188486
2014-03-04,26.50,26.50,26.50,26.50,300,23.188486
2014-03-03,26.50,26.50,26.50,26.50,200,23.188486
2014-02-28,26.35,26.35,26.35,26.35,000,23.05723
2014-02-27,26.35,26.35,26.35,26.35,000,23.05723
2014-02-26,26.35,26.35,26.35,26.35,000,23.05723
2014-02-25,26.35,26.35,26.35,26.35,000,23.05723
2014-02-24,26.25,26.35,26.25,26.35,600,23.05723
2014-02-21,26.60,26.65,26.60,26.65,200,23.319741
2014-02-20,26.110001,26.110001,26.110001,26.110001,000,22.847222
2014-02-19,26.110001,26.110001,26.110001,26.110001,000,22.847222
2014-02-18,26.10,26.120001,26.10,26.110001,700,22.847222
2014-02-14,26.35,26.65,26.35,26.65,300,23.319741
2014-02-13,26.07,26.07,26.07,26.07,000,22.812219
2014-02-12,26.07,26.07,26.07,26.07,000,22.812219
2014-02-11,26.049999,26.07,26.049999,26.07,200,22.812219
2014-02-10,25.90,25.90,25.90,25.90,000,22.663463
2014-02-07,25.90,25.90,25.90,25.90,000,22.663463
2014-02-06,25.90,25.90,25.90,25.90,000,22.663463
2014-02-05,25.90,25.90,25.90,25.90,300,22.663463
2014-02-04,26.389999,26.389999,26.389999,26.389999,000,23.092231
2014-02-03,26.389999,26.389999,26.389999,26.389999,300,23.092231
2014-01-31,25.809999,25.809999,25.809999,25.809999,000,22.584709
2014-01-30,25.809999,25.809999,25.809999,25.809999,100,22.584709
2014-01-29,26.469999,26.469999,26.469999,26.469999,000,23.162234
2014-01-28,26.10,26.469999,26.10,26.469999,500,23.162234
2014-01-27,26.00,26.00,26.00,26.00,000,22.750967
2014-01-24,25.84,26.24,25.84,26.00,1000,22.750967
2014-01-23,25.75,25.75,25.75,25.75,400,22.532208
2014-01-22,25.75,25.75,25.75,25.75,000,22.532208
2014-01-21,25.75,25.75,25.75,25.75,000,22.532208
2014-01-17,25.790001,25.790001,25.75,25.75,300,22.532208
2014-01-16,25.76,25.76,25.76,25.76,000,22.540958
2014-01-15,25.76,25.76,25.76,25.76,000,22.540958
2014-01-14,26.00,26.00,25.76,25.76,400,22.540958
2014-01-13,25.75,25.75,25.75,25.75,500,22.532208
2014-01-10,25.75,25.75,25.75,25.75,100,22.532208
2014-01-09,25.559999,25.559999,25.559999,25.559999,000,22.36595
2014-01-08,25.90,25.90,25.459999,25.559999,3600,22.36595
2014-01-07,26.780001,26.780001,26.780001,26.780001,200,23.433497
2014-01-06,26.50,26.50,26.50,26.50,100,23.188486
2014-01-03,25.77,26.00,25.77,26.00,600,22.750967
2014-01-02,25.700001,25.700001,25.700001,25.700001,000,22.488457
2013-12-31,25.60,25.82,25.60,25.700001,1300,22.488457
2013-12-30,25.969999,25.969999,25.549999,25.549999,400,22.3572
2013-12-27,26.25,26.25,26.25,26.25,000,22.969726
2013-12-26,26.200001,26.299999,26.200001,26.25,1000,22.969726
2013-12-24,27.15,27.15,27.15,27.15,000,23.29524
2013-12-23,26.209999,27.15,26.209999,27.15,2000,23.29524
2013-12-20,26.40,26.40,26.40,26.40,000,22.651725
2013-12-19,26.40,26.40,26.40,26.40,000,22.651725
2013-12-18,26.40,26.40,26.40,26.40,000,22.651725
2013-12-17,26.40,26.40,26.40,26.40,000,22.651725
2013-12-16,26.309999,26.43,26.309999,26.40,1700,22.651725
2013-12-13,26.15,26.15,26.15,26.15,000,22.43722
2013-12-12,26.15,26.15,26.15,26.15,000,22.43722
2013-12-11,26.209999,26.26,26.15,26.15,1800,22.43722
2013-12-10,26.110001,26.110001,26.110001,26.110001,000,22.4029
2013-12-09,26.110001,26.110001,26.110001,26.110001,200,22.4029
2013-12-06,26.450001,26.450001,26.450001,26.450001,000,22.694627
2013-12-05,26.450001,26.450001,26.450001,26.450001,000,22.694627
2013-12-04,26.450001,26.450001,26.450001,26.450001,000,22.694627
2013-12-03,26.450001,26.450001,26.450001,26.450001,000,22.694627
2013-12-02,26.450001,26.450001,26.450001,26.450001,300,22.694627
2013-11-29,27.200001,27.200001,27.200001,27.200001,000,23.338142
2013-11-27,27.200001,27.200001,27.200001,27.200001,100,23.338142
2013-11-26,26.85,26.85,26.85,26.85,000,23.037834
2013-11-25,26.85,26.85,26.85,26.85,000,23.037834
2013-11-22,26.85,26.85,26.85,26.85,000,23.037834
2013-11-21,26.200001,26.85,25.700001,26.85,1400,23.037834
2013-11-20,26.110001,26.110001,26.110001,26.110001,300,22.4029
2013-11-19,26.110001,27.190001,26.110001,27.190001,200,23.329561
2013-11-18,27.25,27.25,27.25,27.25,000,23.381042
2013-11-15,27.25,27.25,27.25,27.25,000,23.381042
2013-11-14,27.25,27.25,27.25,27.25,000,23.381042
2013-11-13,27.25,27.25,27.25,27.25,000,23.381042
2013-11-12,27.25,27.25,27.25,27.25,200,23.381042
2013-11-11,26.290001,26.290001,26.290001,26.290001,000,22.557344
2013-11-08,26.290001,26.290001,26.290001,26.290001,000,22.557344
2013-11-07,26.290001,26.290001,26.290001,26.290001,000,22.557344
2013-11-06,26.290001,26.290001,26.290001,26.290001,000,22.557344
2013-11-05,26.290001,26.290001,26.290001,26.290001,000,22.557344
2013-11-04,26.01,26.290001,26.01,26.290001,300,22.557344
2013-11-01,27.450001,27.450001,27.450001,27.450001,000,23.552647
2013-10-31,27.450001,27.450001,27.450001,27.450001,400,23.552647
2013-10-30,26.25,26.25,26.25,26.25,200,22.523022
2013-10-29,26.00,26.00,26.00,26.00,100,22.308517
2013-10-28,25.780001,25.780001,25.780001,25.780001,000,22.119753
2013-10-25,25.68,25.780001,25.68,25.780001,300,22.119753
2013-10-24,26.25,26.25,26.25,26.25,100,22.523022
2013-10-23,26.25,26.25,26.25,26.25,000,22.523022
2013-10-22,26.25,26.25,26.25,26.25,500,22.523022
2013-10-21,26.01,26.01,26.01,26.01,000,22.317097
2013-10-18,26.25,26.25,26.00,26.01,1800,22.317097
2013-10-17,26.25,26.25,26.25,26.25,200,22.523022
2013-10-16,26.25,26.299999,26.25,26.299999,400,22.565922
2013-10-15,26.700001,26.700001,26.700001,26.700001,000,22.909132
2013-10-14,26.700001,26.700001,26.700001,26.700001,000,22.909132
2013-10-11,26.700001,26.700001,26.700001,26.700001,000,22.909132
2013-10-10,26.700001,26.700001,26.700001,26.700001,100,22.909132
2013-10-09,26.50,26.50,26.50,26.50,100,22.737527
2013-10-08,26.60,26.60,26.60,26.60,000,22.823329
2013-10-07,26.60,26.60,26.60,26.60,200,22.823329
2013-10-04,28.00,28.00,28.00,28.00,000,24.024557
2013-10-03,28.00,28.00,28.00,28.00,000,24.024557
2013-10-02,28.00,28.00,28.00,28.00,100,24.024557
2013-10-01,27.00,27.00,27.00,27.00,000,23.166537
2013-09-30,27.00,27.00,27.00,27.00,100,23.166537
2013-09-27,27.469999,27.469999,27.469999,27.469999,000,23.569806
2013-09-26,27.469999,27.469999,27.469999,27.469999,100,23.569806
2013-09-25,28.799999,28.799999,28.799999,28.799999,000,24.710972
2013-09-24,28.790001,28.799999,28.790001,28.799999,400,24.257937
2013-09-23,28.799999,28.809999,26.75,26.83,3100,22.598627
2013-09-20,28.799999,28.799999,28.799999,28.799999,100,24.257937
2013-09-19,28.709999,28.709999,27.25,27.290001,600,22.986081
2013-09-18,28.799999,28.799999,28.799999,28.799999,400,24.257937
2013-09-17,27.15,27.15,27.15,27.15,000,22.86816
2013-09-16,27.00,28.059999,26.41,27.15,800,22.86816
2013-09-13,28.690001,29.48,28.690001,28.799999,900,24.257937
2013-09-12,26.200001,26.33,26.200001,26.33,300,22.177483
2013-09-11,29.25,29.25,29.25,29.25,000,24.636968
2013-09-10,27.08,29.25,27.08,29.25,1800,24.636968
2013-09-09,27.08,27.08,27.08,27.08,000,22.8092
2013-09-06,27.08,27.08,27.08,27.08,700,22.8092
2013-09-05,27.08,27.08,26.75,27.08,1700,22.8092
2013-09-04,27.08,27.08,27.08,27.08,100,22.8092
2013-09-03,27.08,27.08,27.07,27.07,500,22.800777
2013-08-30,27.040001,27.08,27.040001,27.08,4200,22.8092
2013-08-29,26.559999,27.08,26.559999,26.799999,1100,22.573358
2013-08-28,26.74,27.08,26.74,27.08,2000,22.8092
2013-08-27,25.700001,27.10,25.700001,27.09,4100,22.817623
2013-08-26,25.51,25.67,25.51,25.67,700,21.621572
2013-08-23,26.110001,26.48,26.08,26.48,3300,22.303826
2013-08-22,25.870001,25.870001,25.870001,25.870001,100,21.79003
2013-08-21,26.09,26.09,26.09,26.09,000,21.975333
2013-08-20,26.00,26.09,25.940001,26.09,700,21.975333
2013-08-19,25.32,25.32,25.32,25.32,000,21.32677
2013-08-16,25.32,25.32,25.32,25.32,1000,21.32677
2013-08-15,25.950001,25.950001,25.32,25.60,1000,21.562612
2013-08-14,25.92,25.92,25.92,25.92,000,21.832144
2013-08-13,25.92,25.92,25.92,25.92,000,21.832144
2013-08-12,25.92,25.92,25.92,25.92,000,21.832144
2013-08-09,25.92,25.92,25.92,25.92,000,21.832144
2013-08-08,25.92,25.92,25.92,25.92,000,21.832144
2013-08-07,25.92,25.92,25.92,25.92,000,21.832144
2013-08-06,25.92,25.92,25.92,25.92,100,21.832144
2013-08-05,26.01,26.01,26.01,26.01,000,21.90795
2013-08-02,26.00,26.01,26.00,26.01,300,21.90795
2013-08-01,26.50,26.950001,26.50,26.780001,500,22.556514
2013-07-31,26.08,26.08,26.08,26.08,000,21.96691
2013-07-30,26.110001,26.110001,26.049999,26.08,400,21.96691
2013-07-29,26.139999,26.139999,26.139999,26.139999,000,22.017447
2013-07-26,26.139999,26.139999,26.139999,26.139999,000,22.017447
2013-07-25,26.139999,26.139999,26.139999,26.139999,000,22.017447
2013-07-24,26.139999,26.139999,26.139999,26.139999,000,22.017447
2013-07-23,26.07,26.139999,25.959999,26.139999,500,22.017447
2013-07-22,26.00,26.00,26.00,26.00,000,21.899527
2013-07-19,26.00,26.00,26.00,26.00,000,21.899527
2013-07-18,26.940001,26.950001,26.00,26.00,400,21.899527
2013-07-17,26.02,26.02,26.02,26.02,300,21.916373
2013-07-16,26.040001,26.040001,26.040001,26.040001,000,21.93322
2013-07-15,26.040001,26.040001,26.040001,26.040001,000,21.93322
2013-07-12,26.50,26.50,26.040001,26.040001,300,21.93322
2013-07-11,26.99,26.99,26.99,26.99,000,22.733394
2013-07-10,26.450001,27.43,26.450001,26.99,1000,22.733394
2013-07-09,25.959999,25.959999,25.959999,25.959999,200,21.865835
2013-07-08,26.610001,26.610001,25.90,25.90,2500,21.815298
2013-07-05,26.299999,26.299999,26.299999,26.299999,300,22.152213
2013-07-03,26.66,26.66,26.66,26.66,000,22.455438
2013-07-02,27.10,27.120001,26.50,26.66,600,22.455438
2013-07-01,27.959999,28.00,27.50,27.50,800,23.162961
2013-06-28,28.870001,28.870001,28.870001,28.870001,000,24.316899
2013-06-27,26.299999,28.870001,26.299999,28.870001,1300,24.316899
2013-06-26,26.17,26.280001,26.17,26.280001,700,22.135369
2013-06-25,26.700001,26.799999,26.700001,26.75,2200,22.086516
2013-06-24,26.700001,27.00,26.700001,27.00,1900,22.292932
2013-06-21,26.559999,26.700001,26.559999,26.700001,200,22.045234
2013-06-20,26.43,26.43,26.43,26.43,000,21.822304
2013-06-19,26.43,26.43,26.43,26.43,000,21.822304
2013-06-18,26.43,26.43,26.43,26.43,000,21.822304
2013-06-17,26.43,26.43,26.43,26.43,000,21.822304
2013-06-14,26.450001,26.50,26.43,26.43,2800,21.822304
2013-06-13,26.00,26.00,26.00,26.00,000,21.467268
2013-06-12,26.02,26.02,26.00,26.00,1100,21.467268
2013-06-11,26.40,26.40,26.40,26.40,000,21.797534
2013-06-10,26.40,26.40,26.40,26.40,000,21.797534
2013-06-07,26.35,26.40,26.35,26.40,1000,21.797534
2013-06-06,26.40,26.40,26.40,26.40,000,21.797534
2013-06-05,26.40,26.40,26.40,26.40,300,21.797534
2013-06-04,26.15,26.299999,25.93,25.93,1300,21.409472
2013-06-03,26.700001,26.700001,26.01,26.299999,2300,21.714967
2013-05-31,26.950001,26.950001,26.950001,26.950001,000,22.25165
2013-05-30,26.950001,26.950001,26.950001,26.950001,100,22.25165
2013-05-29,26.700001,26.719999,26.700001,26.700001,700,22.045234
2013-05-28,26.700001,26.700001,26.700001,26.700001,000,22.045234
2013-05-24,26.700001,26.700001,26.700001,26.700001,200,22.045234
2013-05-23,26.290001,26.290001,26.290001,26.290001,200,21.706712
2013-05-22,26.700001,26.700001,26.700001,26.700001,000,22.045234
2013-05-21,26.700001,26.700001,26.700001,26.700001,000,22.045234
2013-05-20,26.700001,26.700001,26.700001,26.700001,000,22.045234
2013-05-17,26.700001,26.700001,26.700001,26.700001,000,22.045234
2013-05-16,26.700001,26.700001,26.700001,26.700001,200,22.045234
2013-05-15,26.700001,26.700001,26.700001,26.700001,200,22.045234
2013-05-14,26.10,26.10,26.10,26.10,000,21.549835
2013-05-13,26.10,26.10,26.10,26.10,000,21.549835
2013-05-10,26.10,26.10,26.10,26.10,600,21.549835
2013-05-09,26.559999,26.559999,26.530001,26.530001,1300,21.904871
2013-05-08,26.530001,26.530001,26.530001,26.530001,000,21.904871
2013-05-07,26.530001,26.530001,26.530001,26.530001,100,21.904871
2013-05-06,26.50,26.50,26.50,26.50,000,21.8801
2013-05-03,26.50,26.50,26.50,26.50,000,21.8801
2013-05-02,26.700001,26.700001,26.40,26.50,2200,21.8801
2013-05-01,27.10,27.10,27.10,27.10,000,22.375499
2013-04-30,27.10,27.10,27.10,27.10,000,22.375499
2013-04-29,27.10,27.10,27.10,27.10,800,22.375499
2013-04-26,26.50,27.00,26.50,27.00,3600,22.292932
2013-04-25,26.35,26.790001,26.309999,26.790001,2000,22.119544
2013-04-24,26.00,26.00,26.00,26.00,100,21.467268
2013-04-23,25.950001,25.950001,25.950001,25.950001,000,21.425986
2013-04-22,25.950001,25.950001,25.950001,25.950001,000,21.425986
2013-04-19,25.950001,25.950001,25.950001,25.950001,000,21.425986
2013-04-18,25.90,26.01,25.90,25.950001,14400,21.425986
2013-04-17,26.00,26.00,25.82,25.82,1100,21.318648
2013-04-16,25.98,25.98,25.98,25.98,200,21.450755
2013-04-15,25.98,26.01,25.98,26.01,800,21.475525
2013-04-12,25.98,25.98,25.98,25.98,000,21.450755
2013-04-11,25.98,25.98,25.98,25.98,200,21.450755
2013-04-10,25.98,25.98,25.98,25.98,000,21.450755
2013-04-09,25.98,25.98,25.98,25.98,000,21.450755
2013-04-08,25.98,25.98,25.98,25.98,000,21.450755
2013-04-05,25.98,25.98,25.98,25.98,100,21.450755
2013-04-04,25.65,26.01,25.65,26.01,2400,21.475525
2013-04-03,26.01,26.01,26.01,26.01,000,21.475525
2013-04-02,26.01,26.01,26.01,26.01,000,21.475525
2013-04-01,25.60,26.01,25.60,26.01,400,21.475525
2013-03-28,25.85,25.85,25.60,25.60,500,21.137003
2013-03-27,25.60,25.60,25.60,25.60,300,21.137003
2013-03-26,25.85,25.85,25.34,25.34,400,20.92233
2013-03-25,25.90,25.90,25.90,25.90,400,20.94875
2013-03-22,25.799999,25.99,25.75,25.799999,800,20.867866
2013-03-21,25.700001,25.790001,25.700001,25.790001,300,20.859779
2013-03-20,25.25,25.66,25.07,25.66,8400,20.75463
2013-03-19,25.200001,26.15,25.01,25.01,25000,20.22889
2013-03-18,26.700001,26.83,26.700001,26.83,1500,21.700964
2013-03-15,26.799999,26.799999,26.799999,26.799999,000,21.676698
2013-03-14,26.799999,26.799999,26.799999,26.799999,000,21.676698
2013-03-13,26.799999,26.799999,26.799999,26.799999,000,21.676698
2013-03-12,26.799999,26.799999,26.799999,26.799999,000,21.676698
2013-03-11,26.799999,26.799999,26.799999,26.799999,100,21.676698
2013-03-08,26.059999,26.059999,26.059999,26.059999,000,21.078163
2013-03-07,26.059999,26.059999,26.059999,26.059999,000,21.078163
2013-03-06,25.809999,26.059999,25.809999,26.059999,400,21.078163
2013-03-05,26.67,26.68,26.040001,26.68,400,21.579639
2013-03-04,26.00,26.940001,26.00,26.940001,200,21.789936
2013-03-01,25.860001,25.860001,25.75,25.75,3000,20.827425
2013-02-28,25.75,25.75,25.75,25.75,000,20.827425
2013-02-27,25.75,25.75,25.75,25.75,000,20.827425
2013-02-26,25.76,25.77,25.75,25.75,700,20.827425
2013-02-25,25.700001,25.700001,25.700001,25.700001,000,20.786984
2013-02-22,25.700001,25.700001,25.700001,25.700001,000,20.786984
2013-02-21,25.700001,25.700001,25.700001,25.700001,000,20.786984
2013-02-20,25.700001,25.700001,25.700001,25.700001,000,20.786984
2013-02-19,25.76,25.76,25.700001,25.700001,2100,20.786984
2013-02-15,25.700001,25.700001,25.700001,25.700001,000,20.786984
2013-02-14,25.719999,25.719999,25.700001,25.700001,800,20.786984
2013-02-13,25.75,25.75,25.75,25.75,300,20.827425
2013-02-12,25.67,25.67,25.67,25.67,000,20.762719
2013-02-11,25.67,25.67,25.67,25.67,000,20.762719
2013-02-08,25.67,25.67,25.67,25.67,000,20.762719
2013-02-07,25.67,25.67,25.67,25.67,000,20.762719
2013-02-06,26.02,26.02,25.67,25.67,1600,20.762719
2013-02-05,25.370001,25.370001,25.370001,25.370001,200,20.52007
2013-02-04,26.01,26.01,26.01,26.01,000,21.037722
2013-02-01,26.01,26.01,26.01,26.01,000,21.037722
2013-01-31,26.01,26.01,26.01,26.01,000,21.037722
2013-01-30,26.01,26.01,26.01,26.01,000,21.037722
2013-01-29,26.01,26.01,26.01,26.01,200,21.037722
2013-01-28,26.200001,26.200001,26.200001,26.200001,000,21.1914
2013-01-25,26.200001,26.200001,26.200001,26.200001,000,21.1914
2013-01-24,26.129999,26.200001,26.10,26.200001,1100,21.1914
2013-01-23,26.18,26.18,26.18,26.18,300,21.175223
2013-01-22,26.01,26.01,26.01,26.01,000,21.037722
2013-01-18,26.01,26.01,26.01,26.01,000,21.037722
2013-01-17,26.01,26.01,26.01,26.01,000,21.037722
2013-01-16,26.01,26.01,26.01,26.01,200,21.037722
2013-01-15,26.110001,26.219999,26.110001,26.219999,400,21.207576
2013-01-14,27.360001,27.360001,27.360001,27.360001,000,22.129645
2013-01-11,27.360001,27.360001,27.360001,27.360001,000,22.129645
2013-01-10,27.120001,27.360001,27.00,27.360001,1600,22.129645
2013-01-09,26.93,26.93,26.93,26.93,000,21.781847
2013-01-08,26.93,26.93,26.93,26.93,000,21.781847
2013-01-07,26.870001,26.93,26.870001,26.93,300,21.781847
2013-01-04,26.00,26.00,26.00,26.00,2100,21.029633
2013-01-03,26.290001,26.290001,26.290001,26.290001,000,21.264195
2013-01-02,25.50,26.290001,25.50,26.290001,600,21.264195
2012-12-31,25.469999,25.469999,25.469999,25.469999,000,20.600952
2012-12-28,25.469999,25.469999,25.469999,25.469999,500,20.600952
2012-12-27,25.73,25.73,25.40,25.530001,3400,20.649483
2012-12-26,25.809999,25.809999,25.809999,25.809999,200,20.875955
2012-12-24,25.889999,25.889999,25.889999,25.889999,000,20.513598
2012-12-21,25.75,25.889999,25.75,25.889999,400,20.513598
2012-12-20,25.940001,25.940001,25.940001,25.940001,200,20.553216
2012-12-19,26.10,26.10,26.10,26.10,000,20.67999
2012-12-18,26.690001,26.690001,25.40,26.10,3800,20.67999
2012-12-17,25.799999,25.799999,25.799999,25.799999,400,20.442288
2012-12-14,25.459999,26.43,25.360001,25.559999,3300,20.252127
2012-12-13,26.219999,26.219999,26.219999,26.219999,000,20.775069
2012-12-12,26.219999,26.219999,26.219999,26.219999,100,20.775069
2012-12-11,26.25,26.25,26.25,26.25,000,20.79884
2012-12-10,26.25,26.25,26.25,26.25,200,20.79884
2012-12-07,26.26,26.26,26.26,26.26,000,20.806764
2012-12-06,26.26,26.26,26.26,26.26,000,20.806764
2012-12-05,26.26,26.26,26.26,26.26,000,20.806764
2012-12-04,26.26,26.26,26.26,26.26,000,20.806764
2012-12-03,26.26,26.26,26.26,26.26,000,20.806764
2012-11-30,26.27,26.27,26.25,26.26,2200,20.806764
2012-11-29,26.25,26.25,26.25,26.25,400,20.79884
2012-11-28,26.50,26.50,26.50,26.50,000,20.996924
2012-11-27,26.50,26.50,26.50,26.50,900,20.996924
2012-11-26,26.50,26.50,26.50,26.50,000,20.996924
2012-11-23,26.50,26.50,26.50,26.50,000,20.996924
2012-11-21,26.50,26.50,26.50,26.50,000,20.996924
2012-11-20,26.50,26.50,26.50,26.50,300,20.996924
2012-11-19,26.50,26.50,26.50,26.50,000,20.996924
2012-11-16,26.290001,26.50,26.25,26.50,600,20.996924
2012-11-15,26.25,26.25,26.25,26.25,1000,20.79884
2012-11-14,26.60,26.60,26.60,26.60,000,21.076158
2012-11-13,26.50,26.60,26.50,26.60,700,21.076158
2012-11-12,26.25,26.25,26.25,26.25,000,20.79884
2012-11-09,26.26,26.26,26.25,26.25,1100,20.79884
2012-11-08,26.65,26.65,26.65,26.65,000,21.115774
2012-11-07,26.65,26.65,26.65,26.65,200,21.115774
2012-11-06,26.60,26.60,26.33,26.33,1000,20.862227
2012-11-05,26.700001,26.700001,26.700001,26.700001,000,21.155392
2012-11-02,26.60,26.700001,26.60,26.700001,1600,21.155392
2012-11-01,26.60,26.60,26.60,26.60,200,21.076158
2012-10-31,26.50,26.50,26.50,26.50,000,20.996924
2012-10-26,26.50,26.50,26.50,26.50,100,20.996924
2012-10-25,26.639999,26.639999,26.639999,26.639999,100,21.107851
2012-10-24,26.700001,26.700001,26.700001,26.700001,200,21.155392
2012-10-23,26.67,26.67,26.67,26.67,100,21.131622
2012-10-22,26.67,26.67,26.67,26.67,300,21.131622
2012-10-19,26.75,26.75,26.75,26.75,000,21.195008
2012-10-18,26.77,26.77,26.75,26.75,300,21.195008
2012-10-17,26.950001,26.950001,26.950001,26.950001,100,21.353476
2012-10-16,27.00,27.00,27.00,27.00,000,21.393093
2012-10-15,27.00,27.00,27.00,27.00,1500,21.393093
2012-10-12,26.309999,26.309999,26.309999,26.309999,400,20.84638
2012-10-11,27.24,27.24,27.24,27.24,000,21.583253
2012-10-10,27.01,27.24,27.00,27.24,1300,21.583253
2012-10-09,26.959999,27.35,26.90,27.35,1600,21.670411
2012-10-08,26.41,26.42,26.40,26.40,500,20.91769
2012-10-05,26.85,26.85,26.85,26.85,100,21.274242
2012-10-04,27.00,27.00,27.00,27.00,700,21.393093
2012-10-03,27.25,27.299999,27.25,27.299999,1500,21.630793
2012-10-02,26.450001,26.51,26.450001,26.51,200,21.004848
2012-10-01,26.26,27.25,26.26,26.469999,800,20.973154
2012-09-28,26.25,26.25,26.25,26.25,100,20.79884
2012-09-27,27.200001,27.200001,27.200001,27.200001,000,21.551561
2012-09-26,27.200001,27.200001,27.200001,27.200001,000,21.551561
2012-09-25,27.200001,27.200001,27.200001,27.200001,000,21.133206
2012-09-24,27.200001,27.200001,27.200001,27.200001,100,21.133206
2012-09-21,27.00,27.120001,27.00,27.120001,300,21.07105
2012-09-20,26.75,27.00,26.75,26.75,1900,20.783575
2012-09-19,26.940001,26.940001,26.940001,26.940001,000,20.931197
2012-09-18,26.940001,26.940001,26.940001,26.940001,100,20.931197
2012-09-17,27.00,27.00,27.00,27.00,1000,20.977814
2012-09-14,26.99,26.99,26.99,26.99,000,20.970044
2012-09-13,26.99,26.99,26.99,26.99,000,20.970044
2012-09-12,26.99,26.99,26.99,26.99,100,20.970044
2012-09-11,26.629999,26.629999,26.629999,26.629999,000,20.69034
2012-09-10,26.629999,26.629999,26.629999,26.629999,000,20.69034
2012-09-07,26.629999,26.629999,26.629999,26.629999,100,20.69034
2012-09-06,27.01,27.01,27.01,27.01,000,20.985584
2012-09-05,26.969999,27.01,26.969999,27.01,2900,20.985584
2012-09-04,27.299999,27.299999,27.299999,27.299999,000,21.2109
2012-08-31,27.24,27.299999,27.24,27.299999,1300,21.2109
2012-08-30,26.610001,26.610001,26.610001,26.610001,000,20.674802
2012-08-29,26.610001,26.610001,26.610001,26.610001,100,20.674802
2012-08-28,26.549999,27.25,26.549999,27.25,1900,21.172053
2012-08-27,28.91,28.91,26.549999,26.60,3800,20.667032
2012-08-24,30.25,30.25,30.25,30.25,200,23.502921
2012-08-23,26.559999,26.559999,26.559999,26.559999,000,20.635953
2012-08-22,26.559999,26.559999,26.559999,26.559999,000,20.635953
2012-08-21,26.559999,26.559999,26.559999,26.559999,000,20.635953
2012-08-20,26.559999,26.559999,26.559999,26.559999,000,20.635953
2012-08-17,26.559999,26.559999,26.559999,26.559999,000,20.635953
2012-08-16,26.799999,26.799999,26.559999,26.559999,200,20.635953
2012-08-15,27.01,27.01,27.01,27.01,000,20.985584
2012-08-14,26.629999,27.01,26.629999,27.01,500,20.985584
2012-08-13,26.549999,26.549999,26.549999,26.549999,000,20.628183
2012-08-10,26.549999,26.549999,26.549999,26.549999,000,20.628183
2012-08-09,27.00,27.00,26.549999,26.549999,200,20.628183
2012-08-08,27.15,27.15,27.15,27.15,000,21.094357
2012-08-07,27.15,27.15,27.15,27.15,000,21.094357
2012-08-06,27.15,27.15,27.15,27.15,000,21.094357
2012-08-03,27.15,27.15,27.15,27.15,6300,21.094357
2012-08-02,27.00,27.030001,27.00,27.030001,300,21.001123
2012-08-01,27.23,27.23,27.23,27.23,100,21.156514
2012-07-31,27.15,27.25,27.15,27.25,2100,21.172053
2012-07-30,26.879999,27.02,26.85,27.00,3200,20.977814
2012-07-27,26.360001,26.360001,26.360001,26.360001,000,20.480563
2012-07-26,26.360001,26.360001,26.360001,26.360001,000,20.480563
2012-07-25,26.360001,26.360001,26.360001,26.360001,000,20.480563
2012-07-24,26.360001,26.360001,26.360001,26.360001,000,20.480563
2012-07-23,26.51,26.51,26.360001,26.360001,400,20.480563
2012-07-20,26.82,27.15,26.25,26.25,1100,20.395097
2012-07-19,26.27,26.27,26.27,26.27,000,20.410637
2012-07-18,26.27,26.27,26.27,26.27,000,20.410637
2012-07-17,26.27,26.27,26.27,26.27,000,20.410637
2012-07-16,26.32,26.32,26.27,26.27,600,20.410637
2012-07-13,26.98,26.98,26.98,26.98,000,20.962275
2012-07-12,26.98,26.98,26.98,26.98,000,20.962275
2012-07-11,26.98,26.98,26.98,26.98,000,20.962275
2012-07-10,26.98,26.98,26.98,26.98,200,20.962275
2012-07-09,27.00,27.00,27.00,27.00,000,20.977814
2012-07-06,27.00,27.00,27.00,27.00,000,20.977814
2012-07-05,26.25,27.00,26.25,27.00,300,20.977814
2012-07-03,27.00,27.00,27.00,27.00,000,20.977814
2012-07-02,27.00,27.00,26.25,27.00,1500,20.977814
2012-06-29,26.25,26.25,26.25,26.25,100,20.395097
2012-06-28,26.26,26.26,26.26,26.26,100,20.402867
2012-06-27,26.549999,26.549999,26.50,26.50,1100,20.589336
2012-06-26,26.549999,26.549999,26.549999,26.549999,000,20.217951
2012-06-25,26.93,26.98,26.549999,26.549999,500,20.217951
2012-06-22,26.27,26.27,26.25,26.25,300,19.9895
2012-06-21,26.50,26.50,26.50,26.50,000,20.179876
2012-06-20,26.50,26.50,26.50,26.50,000,20.179876
2012-06-19,26.50,26.50,26.50,26.50,000,20.179876
2012-06-18,26.50,26.50,26.50,26.50,000,20.179876
2012-06-15,26.50,26.50,26.50,26.50,200,20.179876
2012-06-14,26.50,26.50,26.50,26.50,2400,20.179876
2012-06-13,26.50,26.50,26.50,26.50,000,20.179876
2012-06-12,26.50,26.50,26.50,26.50,000,20.179876
2012-06-11,26.50,26.50,26.50,26.50,000,20.179876
2012-06-08,26.50,26.50,26.50,26.50,000,20.179876
2012-06-07,26.50,26.50,26.50,26.50,000,20.179876
2012-06-06,26.50,26.50,26.50,26.50,300,20.179876
2012-06-05,26.25,26.25,26.25,26.25,100,19.9895
2012-06-04,26.26,26.26,26.25,26.25,500,19.9895
2012-06-01,27.15,27.15,27.15,27.15,000,20.674854
2012-05-31,27.15,27.15,27.15,27.15,000,20.674854
2012-05-30,27.15,27.15,27.15,27.15,000,20.674854
2012-05-29,27.15,27.15,27.15,27.15,000,20.674854
2012-05-25,26.50,27.15,26.50,27.15,1000,20.674854
2012-05-24,26.25,26.25,26.25,26.25,000,19.9895
2012-05-23,26.25,26.25,26.25,26.25,000,19.9895
2012-05-22,26.26,26.27,26.25,26.25,1500,19.9895
2012-05-21,26.27,26.27,26.27,26.27,200,20.004731
2012-05-18,26.26,26.26,26.26,26.26,000,19.997115
2012-05-17,26.26,26.26,26.26,26.26,000,19.997115
2012-05-16,26.26,26.26,26.26,26.26,000,19.997115
2012-05-15,26.26,26.26,26.26,26.26,200,19.997115
2012-05-14,26.25,26.25,26.25,26.25,000,19.9895
2012-05-11,26.25,26.25,26.25,26.25,000,19.9895
2012-05-10,26.25,26.25,26.25,26.25,000,19.9895
2012-05-09,26.25,26.25,26.25,26.25,000,19.9895
2012-05-08,26.25,26.25,26.25,26.25,000,19.9895
2012-05-07,26.25,26.25,26.25,26.25,400,19.9895
2012-05-04,26.25,26.25,26.25,26.25,000,19.9895
2012-05-03,26.25,26.25,26.25,26.25,000,19.9895
2012-05-02,26.25,26.25,26.25,26.25,000,19.9895
2012-05-01,26.25,26.25,26.25,26.25,100,19.9895
2012-04-30,26.25,26.25,26.25,26.25,000,19.9895
2012-04-27,26.25,26.25,26.25,26.25,700,19.9895
2012-04-26,26.50,26.50,26.10,26.10,700,19.875275
2012-04-25,26.309999,26.309999,26.309999,26.309999,000,20.03519
2012-04-24,26.309999,26.309999,26.309999,26.309999,1000,20.03519
2012-04-23,26.50,26.50,26.50,26.50,000,20.179876
2012-04-20,26.50,26.50,26.50,26.50,000,20.179876
2012-04-19,26.50,26.50,26.50,26.50,200,20.179876
2012-04-18,26.50,26.50,26.50,26.50,000,20.179876
2012-04-17,26.50,26.50,26.50,26.50,000,20.179876
2012-04-16,26.50,26.50,26.50,26.50,000,20.179876
2012-04-13,26.50,26.50,26.50,26.50,000,20.179876
2012-04-12,26.389999,26.50,26.389999,26.50,500,20.179876
2012-04-11,25.50,25.50,25.50,25.50,000,19.418372
2012-04-10,25.50,25.50,25.50,25.50,100,19.418372
2012-04-09,25.25,25.25,25.25,25.25,100,19.227995
2012-04-05,26.129999,26.129999,26.129999,26.129999,000,19.898119
2012-04-04,25.799999,26.15,25.549999,26.129999,2400,19.898119
2012-04-03,25.860001,25.860001,25.860001,25.860001,200,19.692514
2012-04-02,25.120001,25.120001,25.120001,25.120001,000,19.129
2012-03-30,25.120001,25.120001,25.120001,25.120001,400,19.129
2012-03-29,25.200001,25.200001,25.200001,25.200001,000,19.189921
2012-03-28,25.219999,25.219999,25.200001,25.200001,400,19.189921
2012-03-27,25.40,25.40,25.40,25.40,300,18.940147
2012-03-26,26.15,26.15,26.15,26.15,000,19.499403
2012-03-23,26.15,26.15,26.15,26.15,000,19.499403
2012-03-22,26.10,26.15,26.10,26.15,800,19.499403
2012-03-21,25.200001,25.200001,25.200001,25.200001,000,18.791013
2012-03-20,25.200001,25.200001,25.200001,25.200001,200,18.791013
2012-03-19,25.309999,25.309999,25.309999,25.309999,000,18.873036
2012-03-16,25.309999,25.309999,25.309999,25.309999,000,18.873036
2012-03-15,25.309999,25.309999,25.309999,25.309999,000,18.873036
2012-03-14,25.33,25.33,25.309999,25.309999,400,18.873036
2012-03-13,25.459999,25.459999,25.459999,25.459999,000,18.984887
2012-03-12,25.35,25.459999,25.35,25.459999,200,18.984887
2012-03-09,25.790001,25.790001,25.309999,25.309999,700,18.873036
2012-03-08,25.27,25.27,25.27,25.27,000,18.84321
2012-03-07,25.27,25.27,25.27,25.27,000,18.84321
2012-03-06,25.17,25.27,25.17,25.27,200,18.84321
2012-03-05,25.99,25.99,25.99,25.99,000,19.380095
2012-03-02,25.99,25.99,25.99,25.99,1000,19.380095
2012-03-01,25.15,25.15,25.15,25.15,000,18.753728
2012-02-29,25.15,25.15,25.15,25.15,000,18.753728
2012-02-28,25.40,25.40,25.15,25.15,1700,18.753728
2012-02-27,25.52,25.52,25.50,25.50,2600,19.014715
2012-02-24,25.50,25.50,25.50,25.50,000,19.014715
2012-02-23,25.50,25.50,25.50,25.50,000,19.014715
2012-02-22,25.50,25.50,25.50,25.50,000,19.014715
2012-02-21,25.50,25.50,25.50,25.50,000,19.014715
2012-02-17,25.50,25.50,25.50,25.50,000,19.014715
2012-02-16,25.50,25.50,25.50,25.50,000,19.014715
2012-02-15,25.50,25.50,25.50,25.50,1600,19.014715
2012-02-14,25.50,25.50,25.50,25.50,000,19.014715
2012-02-13,25.60,25.60,25.50,25.50,1700,19.014715
2012-02-10,26.049999,26.049999,26.049999,26.049999,500,19.424835
2012-02-09,25.00,25.00,25.00,25.00,000,18.641877
2012-02-08,25.219999,25.219999,25.00,25.00,1600,18.641877
2012-02-07,25.01,25.01,25.01,25.01,100,18.649334
2012-02-06,25.50,25.50,25.50,25.50,000,19.014715
2012-02-03,25.50,25.50,25.50,25.50,000,19.014715
2012-02-02,25.50,25.50,25.50,25.50,500,19.014715
2012-02-01,25.25,25.50,25.25,25.50,2200,19.014715
2012-01-31,25.00,25.00,25.00,25.00,000,18.641877
2012-01-30,25.00,25.15,25.00,25.00,4100,18.641877
2012-01-27,25.00,25.00,25.00,25.00,3100,18.641877
2012-01-26,25.02,25.02,24.950001,24.950001,1500,18.604594
2012-01-25,25.50,25.50,25.50,25.50,000,19.014715
2012-01-24,25.50,25.50,25.50,25.50,000,19.014715
2012-01-23,25.50,25.50,25.50,25.50,100,19.014715
2012-01-20,25.00,25.00,24.98,24.98,1300,18.626963
2012-01-19,24.799999,24.799999,24.799999,24.799999,000,18.492742
2012-01-18,25.049999,25.049999,24.799999,24.799999,3700,18.492742
2012-01-17,25.16,25.200001,25.16,25.200001,2100,18.791013
2012-01-13,25.52,25.52,25.50,25.50,600,19.014715
2012-01-12,26.040001,26.040001,26.040001,26.040001,100,19.41738
2012-01-11,26.059999,26.059999,25.690001,26.00,3200,19.387552
2012-01-10,26.049999,26.23,25.67,26.219999,2000,19.5516
2012-01-09,25.98,25.98,25.98,25.98,000,19.372638
2012-01-06,26.09,26.09,25.98,25.98,200,19.372638
2012-01-05,25.209999,25.209999,25.209999,25.209999,000,18.798468
2012-01-04,25.209999,25.209999,25.209999,25.209999,100,18.798468
2012-01-03,26.23,26.23,25.209999,25.209999,700,18.798468
2011-12-30,25.68,26.25,25.68,26.190001,3200,19.529231
2011-12-29,25.690001,26.01,25.690001,25.809999,1800,19.245874
2011-12-28,25.700001,25.700001,25.700001,25.700001,000,19.16385
2011-12-27,25.700001,25.700001,25.700001,25.700001,000,19.16385
2011-12-23,25.68,26.00,25.540001,25.700001,9000,18.770134
2011-12-22,26.25,26.25,26.25,26.25,000,19.171829
2011-12-21,26.25,26.25,26.25,26.25,000,19.171829
2011-12-20,26.219999,26.25,26.219999,26.25,600,19.171829
2011-12-19,25.549999,25.549999,25.50,25.50,400,18.624062
2011-12-16,25.75,25.75,25.75,25.75,000,18.806651
2011-12-15,25.75,25.75,25.75,25.75,000,18.806651
2011-12-14,25.50,25.75,25.50,25.75,2400,18.806651
2011-12-13,25.50,25.50,25.50,25.50,000,18.624062
2011-12-12,25.549999,25.549999,25.50,25.50,500,18.624062
2011-12-09,25.51,25.51,25.51,25.51,300,18.631366
2011-12-08,25.50,25.50,25.50,25.50,000,18.624062
2011-12-07,25.50,25.50,25.50,25.50,000,18.624062
2011-12-06,25.51,25.51,25.50,25.50,300,18.624062
2011-12-05,25.50,25.50,25.50,25.50,800,18.624062
2011-12-02,25.02,25.02,25.02,25.02,000,18.273492
2011-12-01,25.01,25.02,25.01,25.02,600,18.273492
2011-11-30,25.459999,25.459999,25.459999,25.459999,000,18.594847
2011-11-29,25.459999,25.459999,25.459999,25.459999,000,18.594847
2011-11-28,25.459999,25.459999,25.459999,25.459999,000,18.594847
2011-11-25,25.459999,25.459999,25.459999,25.459999,200,18.594847
2011-11-23,25.459999,25.459999,25.459999,25.459999,200,18.594847
2011-11-22,25.459999,25.459999,25.459999,25.459999,000,18.594847
2011-11-21,25.459999,25.459999,25.459999,25.459999,100,18.594847
2011-11-18,25.059999,25.059999,25.059999,25.059999,000,18.302705
2011-11-17,25.059999,25.059999,25.059999,25.059999,000,18.302705
2011-11-16,25.059999,25.059999,25.059999,25.059999,200,18.302705
2011-11-15,25.049999,25.049999,25.049999,25.049999,200,18.295402
2011-11-14,25.59,25.59,25.59,25.59,100,18.689794
2011-11-11,25.620001,25.629999,25.620001,25.629999,300,18.719008
2011-11-10,25.17,25.17,25.17,25.17,000,18.383045
2011-11-09,25.17,25.17,25.17,25.17,000,18.383045
2011-11-08,25.17,25.17,25.17,25.17,000,18.383045
2011-11-07,25.120001,25.17,25.120001,25.17,300,18.383045
2011-11-04,25.049999,25.049999,25.049999,25.049999,000,18.295402
2011-11-03,25.049999,25.049999,25.049999,25.049999,000,18.295402
2011-11-02,25.049999,25.049999,25.049999,25.049999,000,18.295402
2011-11-01,25.049999,25.049999,25.049999,25.049999,100,18.295402
2011-10-31,25.00,25.00,25.00,25.00,000,18.258885
2011-10-28,25.00,25.00,25.00,25.00,000,18.258885
2011-10-27,25.00,25.00,25.00,25.00,000,18.258885
2011-10-26,25.00,25.00,25.00,25.00,000,18.258885
2011-10-25,25.049999,25.049999,25.00,25.00,700,18.258885
2011-10-24,25.00,25.00,25.00,25.00,000,18.258885
2011-10-21,25.00,25.00,25.00,25.00,200,18.258885
2011-10-20,25.049999,25.049999,25.049999,25.049999,000,18.295402
2011-10-19,25.02,25.059999,25.02,25.049999,400,18.295402
2011-10-18,25.049999,25.059999,25.02,25.02,1100,18.273492
2011-10-17,25.02,25.02,25.02,25.02,000,18.273492
2011-10-14,25.02,25.02,25.02,25.02,100,18.273492
2011-10-13,25.65,25.65,25.65,25.65,000,18.733615
2011-10-12,25.65,25.65,25.65,25.65,300,18.733615
2011-10-11,25.700001,25.700001,25.700001,25.700001,000,18.770134
2011-10-10,25.700001,25.700001,25.700001,25.700001,000,18.770134
2011-10-07,25.700001,26.25,25.700001,25.700001,1300,18.770134
2011-10-06,25.50,25.50,25.50,25.50,000,18.624062
2011-10-05,25.50,25.50,25.50,25.50,000,18.624062
2011-10-04,25.50,25.50,25.50,25.50,000,18.624062
2011-10-03,25.50,25.50,25.50,25.50,000,18.624062
2011-09-30,25.50,25.50,25.50,25.50,100,18.624062
2011-09-29,25.030001,25.030001,25.030001,25.030001,000,18.280796
2011-09-28,25.030001,25.030001,25.030001,25.030001,000,18.280796
2011-09-27,25.030001,25.030001,25.030001,25.030001,200,18.280796
2011-09-26,25.40,25.40,25.40,25.40,000,18.165399
2011-09-23,25.40,25.40,25.40,25.40,200,18.165399
2011-09-22,25.190001,25.200001,25.18,25.200001,1400,18.022365
2011-09-21,25.049999,25.049999,25.00,25.00,800,17.87933
2011-09-20,25.200001,25.200001,25.200001,25.200001,000,18.022365
2011-09-19,25.200001,25.200001,25.200001,25.200001,000,18.022365
2011-09-16,25.200001,25.200001,25.200001,25.200001,200,18.022365
2011-09-15,25.01,25.01,25.01,25.01,000,17.886482
2011-09-14,25.01,25.01,25.01,25.01,000,17.886482
2011-09-13,25.01,25.01,25.01,25.01,000,17.886482
2011-09-12,25.01,25.01,25.01,25.01,000,17.886482
2011-09-09,25.01,25.01,25.01,25.01,000,17.886482
2011-09-08,25.01,25.01,25.01,25.01,000,17.886482
2011-09-07,25.040001,25.040001,25.01,25.01,1000,17.886482
2011-09-06,25.40,25.40,25.40,25.40,000,18.165399
2011-09-02,25.40,25.40,25.40,25.40,000,18.165399
2011-09-01,25.40,25.40,25.40,25.40,000,18.165399
2011-08-31,25.40,25.40,25.40,25.40,000,18.165399
2011-08-30,25.40,25.40,25.40,25.40,000,18.165399
2011-08-29,25.389999,25.40,25.389999,25.40,400,18.165399
2011-08-26,25.23,25.50,25.23,25.50,200,18.236916
2011-08-25,25.299999,25.459999,25.299999,25.459999,600,18.208309
2011-08-24,25.50,25.50,25.50,25.50,000,18.236916
2011-08-23,23.370001,25.50,21.790001,25.50,12500,18.236916
2011-08-22,25.02,25.02,25.02,25.02,000,17.893633
2011-08-19,25.02,25.02,25.02,25.02,000,17.893633
2011-08-18,25.02,25.02,25.02,25.02,100,17.893633
2011-08-17,25.059999,25.059999,25.049999,25.049999,300,17.915088
2011-08-16,25.049999,25.059999,25.049999,25.059999,300,17.92224
2011-08-15,25.60,25.60,25.60,25.60,100,18.308434
2011-08-12,25.60,25.60,25.60,25.60,100,18.308434
2011-08-11,25.00,25.00,25.00,25.00,000,17.87933
2011-08-10,25.00,25.00,25.00,25.00,000,17.87933
2011-08-09,25.00,25.00,25.00,25.00,600,17.87933
2011-08-08,25.10,25.10,25.10,25.10,100,17.950847
2011-08-05,25.969999,26.50,25.110001,25.110001,500,17.957999
2011-08-04,25.10,25.10,25.10,25.10,400,17.950847
2011-08-03,25.110001,25.110001,25.110001,25.110001,000,17.957999
2011-08-02,25.110001,25.110001,25.110001,25.110001,000,17.957999
2011-08-01,25.110001,25.110001,25.110001,25.110001,000,17.957999
2011-07-29,25.110001,25.110001,25.110001,25.110001,000,17.957999
2011-07-28,25.110001,25.110001,25.110001,25.110001,000,17.957999
2011-07-27,25.110001,25.110001,25.110001,25.110001,200,17.957999
2011-07-26,25.110001,25.110001,25.110001,25.110001,700,17.957999
2011-07-25,25.049999,25.049999,25.049999,25.049999,000,17.915088
2011-07-22,25.049999,25.049999,25.049999,25.049999,000,17.915088
2011-07-21,25.049999,25.049999,25.049999,25.049999,000,17.915088
2011-07-20,25.049999,25.049999,25.049999,25.049999,200,17.915088
2011-07-19,25.00,25.00,25.00,25.00,000,17.87933
2011-07-18,25.00,25.00,25.00,25.00,000,17.87933
2011-07-15,25.00,25.00,25.00,25.00,000,17.87933
2011-07-14,25.00,25.00,25.00,25.00,000,17.87933
2011-07-13,25.00,25.00,25.00,25.00,000,17.87933
2011-07-12,25.049999,25.049999,25.00,25.00,300,17.87933
2011-07-11,25.01,25.01,25.00,25.00,700,17.87933
2011-07-08,25.40,25.40,25.40,25.40,100,18.165399
2011-07-07,25.299999,25.299999,25.299999,25.299999,300,18.093881
2011-07-06,25.299999,25.299999,25.299999,25.299999,200,18.093881
2011-07-05,25.25,25.25,25.25,25.25,000,18.058123
2011-07-01,25.25,25.25,25.25,25.25,000,18.058123
2011-06-30,25.25,25.25,25.25,25.25,000,18.058123
2011-06-29,25.25,25.25,25.25,25.25,200,18.058123
2011-06-28,25.00,25.00,25.00,25.00,000,17.87933
2011-06-27,25.00,25.00,25.00,25.00,1600,17.87933
2011-06-24,25.10,26.00,25.10,25.280001,1100,17.701967
2011-06-23,25.25,25.25,25.25,25.25,000,17.68096
2011-06-22,25.26,25.26,25.25,25.25,300,17.68096
2011-06-21,25.290001,25.290001,25.25,25.25,400,17.68096
2011-06-20,25.10,25.10,25.10,25.10,000,17.575924
2011-06-17,25.10,25.10,25.10,25.10,000,17.575924
2011-06-16,25.10,25.10,25.10,25.10,000,17.575924
2011-06-15,25.50,25.50,25.10,25.10,300,17.575924
2011-06-14,25.110001,26.00,25.110001,26.00,900,18.206137
2011-06-13,25.10,25.10,25.10,25.10,000,17.575924
2011-06-10,25.10,25.10,25.10,25.10,000,17.575924
2011-06-09,25.10,25.10,25.10,25.10,200,17.575924
2011-06-08,25.10,25.10,25.10,25.10,100,17.575924
2011-06-07,25.01,25.01,25.01,25.01,000,17.512903
2011-06-06,25.01,25.01,25.01,25.01,100,17.512903
2011-06-03,25.040001,25.040001,25.00,25.00,500,17.505901
2011-06-02,25.01,25.50,25.00,25.00,1400,17.505901
2011-06-01,25.00,25.00,25.00,25.00,000,17.505901
2011-05-31,25.02,25.02,25.00,25.00,300,17.505901
2011-05-27,25.040001,25.110001,25.00,25.049999,1400,17.540912
2011-05-26,25.030001,25.030001,25.030001,25.030001,000,17.526908
2011-05-25,25.030001,25.030001,25.030001,25.030001,000,17.526908
2011-05-24,25.030001,25.030001,25.030001,25.030001,300,17.526908
2011-05-23,25.059999,25.059999,25.040001,25.059999,300,17.547914
2011-05-20,25.00,25.00,25.00,25.00,000,17.505901
2011-05-19,25.00,25.00,25.00,25.00,000,17.505901
2011-05-18,25.00,25.00,25.00,25.00,000,17.505901
2011-05-17,25.00,25.00,25.00,25.00,000,17.505901
2011-05-16,25.00,25.00,25.00,25.00,000,17.505901
2011-05-13,25.23,25.23,25.00,25.00,800,17.505901
2011-05-12,25.209999,25.209999,25.209999,25.209999,000,17.652949
2011-05-11,25.450001,25.450001,25.209999,25.209999,1600,17.652949
2011-05-10,25.549999,25.549999,25.549999,25.549999,000,17.89103
2011-05-09,25.549999,25.549999,25.549999,25.549999,200,17.89103
2011-05-06,25.459999,25.99,25.450001,25.450001,1300,17.821007
2011-05-05,25.60,25.60,25.60,25.60,100,17.926042
2011-05-04,25.50,25.50,25.50,25.50,1200,17.856019
2011-05-03,25.41,25.41,25.41,25.41,200,17.792997
2011-05-02,26.00,26.00,26.00,26.00,000,18.206137
2011-04-29,26.00,26.00,26.00,26.00,500,18.206137
2011-04-28,26.48,26.50,26.48,26.50,1200,18.556255
2011-04-27,25.450001,25.450001,25.40,25.40,300,17.785995
2011-04-26,25.40,25.40,25.40,25.40,000,17.785995
2011-04-25,25.450001,25.450001,25.40,25.40,300,17.785995
2011-04-21,25.40,25.40,25.40,25.40,500,17.785995
2011-04-20,25.799999,25.799999,25.799999,25.799999,000,18.066089
2011-04-19,25.799999,25.799999,25.799999,25.799999,000,18.066089
2011-04-18,25.799999,25.799999,25.799999,25.799999,000,18.066089
2011-04-15,25.799999,25.799999,25.799999,25.799999,000,18.066089
2011-04-14,25.799999,25.799999,25.799999,25.799999,000,18.066089
2011-04-13,25.799999,25.799999,25.799999,25.799999,400,18.066089
2011-04-12,25.799999,25.799999,25.799999,25.799999,1000,18.066089
2011-04-11,25.40,25.40,25.40,25.40,200,17.785995
2011-04-08,25.40,25.40,25.40,25.40,100,17.785995
2011-04-07,25.40,25.40,25.40,25.40,000,17.785995
2011-04-06,25.40,25.40,25.40,25.40,000,17.785995
2011-04-05,25.450001,25.610001,25.40,25.40,2300,17.785995
2011-04-04,25.200001,25.200001,25.200001,25.200001,000,17.645948
2011-04-01,25.799999,25.799999,25.200001,25.200001,300,17.645948
2011-03-31,25.799999,25.799999,25.459999,25.459999,600,17.828008
2011-03-30,26.00,26.00,26.00,26.00,000,18.206137
2011-03-29,26.00,26.00,26.00,26.00,000,18.206137
2011-03-28,26.00,26.00,26.00,26.00,000,18.206137
2011-03-25,26.00,26.00,26.00,26.00,1000,17.836412
2011-03-24,25.00,25.00,25.00,25.00,000,17.150396
2011-03-23,25.00,25.00,25.00,25.00,000,17.150396
2011-03-22,25.00,25.00,25.00,25.00,000,17.150396
2011-03-21,25.00,25.00,25.00,25.00,000,17.150396
2011-03-18,25.00,25.00,25.00,25.00,900,17.150396
2011-03-17,24.809999,24.809999,24.809999,24.809999,000,17.020053
2011-03-16,24.809999,24.809999,24.809999,24.809999,000,17.020053
2011-03-15,24.809999,24.809999,24.809999,24.809999,000,17.020053
2011-03-14,24.809999,24.809999,24.809999,24.809999,000,17.020053
2011-03-11,24.809999,24.809999,24.809999,24.809999,000,17.020053
2011-03-10,24.809999,24.809999,24.809999,24.809999,000,17.020053
2011-03-09,24.809999,24.809999,24.809999,24.809999,000,17.020053
2011-03-08,24.809999,24.809999,24.809999,24.809999,000,17.020053
2011-03-07,24.75,24.809999,24.75,24.809999,1400,17.020053
2011-03-04,24.77,24.77,24.77,24.77,000,16.992613
2011-03-03,24.77,24.77,24.77,24.77,100,16.992613
2011-03-02,25.00,25.00,25.00,25.00,000,17.150396
2011-03-01,25.00,25.00,25.00,25.00,000,17.150396
2011-02-28,25.00,25.00,25.00,25.00,000,17.150396
2011-02-25,25.00,25.00,25.00,25.00,100,17.150396
2011-02-24,24.799999,24.799999,24.799999,24.799999,000,17.013192
2011-02-23,24.799999,24.799999,24.799999,24.799999,100,17.013192
2011-02-22,24.75,24.75,24.75,24.75,400,16.978892
2011-02-18,25.00,25.00,24.75,24.75,1000,16.978892
2011-02-17,25.10,25.10,25.10,25.10,000,17.218998
2011-02-16,25.10,25.10,25.10,25.10,200,17.218998
2011-02-15,25.00,25.00,25.00,25.00,300,17.150396
2011-02-14,25.059999,25.059999,25.059999,25.059999,000,17.191557
2011-02-11,25.059999,25.059999,25.059999,25.059999,000,17.191557
2011-02-10,25.059999,25.059999,25.059999,25.059999,000,17.191557
2011-02-09,25.059999,25.059999,25.059999,25.059999,000,17.191557
2011-02-08,25.059999,25.059999,25.059999,25.059999,000,17.191557
2011-02-07,25.059999,25.059999,25.059999,25.059999,000,17.191557
2011-02-04,25.059999,25.059999,25.059999,25.059999,100,17.191557
2011-02-03,25.07,25.07,25.059999,25.059999,200,17.191557
2011-02-02,25.00,25.00,25.00,25.00,000,17.150396
2011-02-01,25.00,25.00,25.00,25.00,000,17.150396
2011-01-31,25.00,25.00,25.00,25.00,400,17.150396
2011-01-28,25.00,26.00,25.00,26.00,300,17.836412
2011-01-27,25.00,25.00,25.00,25.00,000,17.150396
2011-01-26,24.00,25.00,24.00,25.00,1600,17.150396
2011-01-25,23.51,24.26,23.15,23.60,5000,16.189974
2011-01-24,23.50,23.51,23.50,23.50,1000,16.121372
2011-01-21,24.75,24.75,24.66,24.66,400,16.917151
2011-01-20,23.32,23.389999,23.32,23.389999,1100,16.04591
2011-01-19,23.01,23.01,23.01,23.01,000,15.785225
2011-01-18,23.950001,23.950001,23.01,23.01,2400,15.785225
2011-01-14,23.950001,23.950001,23.950001,23.950001,000,16.43008
2011-01-13,24.00,24.00,23.950001,23.950001,200,16.43008
2011-01-12,24.50,24.50,22.68,23.450001,2000,16.087072
2011-01-11,25.00,25.00,25.00,25.00,100,17.150396
2011-01-10,25.00,25.00,24.50,24.50,600,16.807388
2011-01-07,23.60,23.60,23.60,23.60,000,16.189974
2011-01-06,23.60,23.60,23.60,23.60,000,16.189974
2011-01-05,23.60,23.60,23.60,23.60,000,16.189974
2011-01-04,24.00,24.00,23.60,23.60,1000,16.189974
2011-01-03,23.469999,24.00,23.469999,24.00,300,16.46438
2010-12-31,24.00,24.00,24.00,24.00,000,16.46438
2010-12-30,24.00,24.00,24.00,24.00,100,16.46438
2010-12-29,24.799999,24.799999,24.799999,24.799999,000,17.013192
2010-12-28,24.799999,24.799999,24.799999,24.799999,000,17.013192
2010-12-27,24.799999,24.799999,24.799999,24.799999,300,16.650975
2010-12-23,24.90,24.90,24.90,24.90,100,16.718117
2010-12-22,24.50,24.50,24.50,24.50,100,16.449553
2010-12-21,24.99,24.99,24.99,24.99,100,16.778544
2010-12-20,24.98,24.98,24.98,24.98,000,16.77183
2010-12-17,24.98,24.98,24.98,24.98,000,16.77183
2010-12-16,24.940001,24.98,24.10,24.98,400,16.77183
2010-12-15,24.15,24.15,24.15,24.15,200,16.214559
2010-12-14,24.110001,24.200001,24.10,24.200001,1300,16.24813
2010-12-13,24.030001,24.51,24.01,24.51,400,16.456267
2010-12-10,24.99,25.00,24.99,25.00,300,16.785258
2010-12-09,24.90,24.92,24.90,24.92,900,16.731545
2010-12-08,24.90,24.90,24.889999,24.90,700,16.718117
2010-12-07,24.620001,24.620001,24.620001,24.620001,000,16.530123
2010-12-06,24.629999,24.629999,24.620001,24.620001,400,16.530123
2010-12-03,25.00,25.00,25.00,25.00,000,16.785258
2010-12-02,25.00,25.00,25.00,25.00,000,16.785258
2010-12-01,25.00,25.00,25.00,25.00,300,16.785258
2010-11-30,25.00,25.00,25.00,25.00,000,16.785258
2010-11-29,25.00,25.00,25.00,25.00,000,16.785258
2010-11-26,25.00,25.00,25.00,25.00,000,16.785258
2010-11-24,25.00,25.00,25.00,25.00,200,16.785258
2010-11-23,25.969999,25.969999,25.00,25.00,500,16.785258
2010-11-22,24.629999,24.629999,24.629999,24.629999,100,16.536836
2010-11-19,24.530001,24.530001,24.530001,24.530001,200,16.469696
2010-11-18,25.00,25.00,24.530001,25.00,1600,16.785258
2010-11-17,24.50,24.50,24.50,24.50,200,16.449553
2010-11-16,24.99,24.99,24.950001,24.950001,500,16.751688
2010-11-15,24.51,24.51,24.51,24.51,000,16.456267
2010-11-12,24.99,24.99,24.51,24.51,200,16.456267
2010-11-11,25.00,25.00,25.00,25.00,000,16.785258
2010-11-10,25.00,25.00,25.00,25.00,800,16.785258
2010-11-09,24.75,24.75,24.75,24.75,000,16.617405
2010-11-08,24.51,24.75,24.51,24.75,200,16.617405
2010-11-05,24.00,24.00,24.00,24.00,000,16.113848
2010-11-04,24.00,24.00,24.00,24.00,000,16.113848
2010-11-03,24.00,24.00,24.00,24.00,000,16.113848
2010-11-02,24.00,24.00,24.00,24.00,000,16.113848
2010-11-01,24.00,24.00,24.00,24.00,000,16.113848
2010-10-29,24.01,24.01,24.00,24.00,1200,16.113848
2010-10-28,25.50,25.50,25.00,25.00,1400,16.785258
2010-10-27,22.75,22.75,22.75,22.75,000,15.274585
2010-10-26,22.75,22.75,22.75,22.75,000,15.274585
2010-10-25,22.75,22.75,22.75,22.75,000,15.274585
2010-10-22,22.75,22.75,22.75,22.75,000,15.274585
2010-10-21,22.75,22.75,22.75,22.75,500,15.274585
2010-10-20,22.610001,22.610001,22.610001,22.610001,000,15.180588
2010-10-19,22.610001,22.610001,22.610001,22.610001,000,15.180588
2010-10-18,22.610001,22.610001,22.610001,22.610001,200,15.180588
2010-10-15,22.50,22.50,22.50,22.50,000,15.106732
2010-10-14,22.50,22.50,22.50,22.50,000,15.106732
2010-10-13,22.50,22.50,22.50,22.50,000,15.106732
2010-10-12,22.50,22.50,22.50,22.50,000,15.106732
2010-10-11,22.50,22.50,22.50,22.50,000,15.106732
2010-10-08,22.50,22.50,22.50,22.50,000,15.106732
2010-10-07,22.50,22.50,22.50,22.50,000,15.106732
2010-10-06,23.700001,23.709999,22.09,22.50,1000,15.106732
2010-10-05,25.23,25.23,25.23,25.23,000,16.939682
2010-10-04,24.950001,27.00,24.950001,25.23,2000,16.939682
2010-10-01,23.799999,23.799999,23.799999,23.799999,000,15.979565
2010-09-30,23.790001,23.799999,23.790001,23.799999,200,15.979565
2010-09-29,23.57,23.57,23.57,23.57,000,15.825141
2010-09-28,23.57,23.57,23.57,23.57,200,15.825141
2010-09-27,24.18,24.18,23.57,23.57,200,15.825141
2010-09-24,26.200001,26.200001,26.200001,26.200001,000,17.236447
2010-09-23,26.200001,26.200001,26.200001,26.200001,000,17.236447
2010-09-22,26.200001,26.200001,26.200001,26.200001,200,17.236447
2010-09-21,25.120001,26.639999,25.120001,25.50,500,16.775931
2010-09-20,23.450001,25.00,23.450001,24.99,700,16.440412
2010-09-17,22.129999,22.18,22.129999,22.18,400,14.591771
2010-09-16,23.40,23.40,23.40,23.40,000,15.394384
2010-09-15,23.40,23.40,23.40,23.40,100,15.394384
2010-09-14,23.129999,23.129999,23.129999,23.129999,000,15.216756
2010-09-13,23.16,23.16,23.129999,23.129999,200,15.216756
2010-09-10,24.75,25.00,24.75,25.00,400,16.446991
2010-09-09,23.75,23.75,23.75,23.75,500,15.624642
2010-09-08,23.50,23.50,23.50,23.50,500,15.460172
2010-09-07,22.790001,22.790001,22.790001,22.790001,000,14.993078
2010-09-03,22.790001,22.790001,22.790001,22.790001,000,14.993078
2010-09-02,22.790001,22.790001,22.790001,22.790001,000,14.993078
2010-09-01,22.790001,22.790001,22.790001,22.790001,000,14.993078
2010-08-31,22.790001,22.790001,22.790001,22.790001,000,14.993078
2010-08-30,22.790001,22.790001,22.790001,22.790001,000,14.993078
2010-08-27,22.76,22.790001,22.76,22.790001,300,14.993078
2010-08-26,23.25,23.25,23.25,23.25,500,15.295702
2010-08-25,23.25,23.25,23.25,23.25,000,15.295702
2010-08-24,23.25,23.25,23.25,23.25,400,15.295702
2010-08-23,22.950001,22.950001,22.950001,22.950001,000,15.098338
2010-08-20,22.950001,22.950001,22.950001,22.950001,000,15.098338
2010-08-19,22.950001,22.950001,22.950001,22.950001,000,15.098338
2010-08-18,22.950001,22.950001,22.950001,22.950001,000,15.098338
2010-08-17,22.950001,22.950001,22.950001,22.950001,000,15.098338
2010-08-16,22.950001,22.950001,22.950001,22.950001,300,15.098338
2010-08-13,22.870001,22.870001,22.870001,22.870001,000,15.045708
2010-08-12,22.870001,22.870001,22.870001,22.870001,000,15.045708
2010-08-11,22.870001,22.870001,22.870001,22.870001,000,15.045708
2010-08-10,22.75,22.870001,22.75,22.870001,1100,15.045708
2010-08-09,22.00,22.00,22.00,22.00,000,14.473352
2010-08-06,21.52,22.00,21.52,22.00,400,14.473352
2010-08-05,21.26,21.26,21.26,21.26,000,13.986522
2010-08-04,22.76,22.76,21.26,21.26,400,13.986522
2010-08-03,22.75,22.75,22.75,22.75,000,14.966762
2010-08-02,22.459999,22.75,22.459999,22.75,600,14.966762
2010-07-30,22.49,22.49,22.49,22.49,000,14.795713
2010-07-29,22.49,22.49,22.49,22.49,000,14.795713
2010-07-28,22.49,22.49,22.49,22.49,200,14.795713
2010-07-27,21.17,21.17,21.17,21.17,000,13.927312
2010-07-26,21.17,21.17,21.17,21.17,000,13.927312
2010-07-23,21.17,21.17,21.17,21.17,000,13.927312
2010-07-22,21.17,21.17,21.17,21.17,000,13.927312
2010-07-21,21.02,21.17,21.02,21.17,400,13.927312
2010-07-20,22.469999,22.469999,22.469999,22.469999,100,14.782555
2010-07-19,21.51,21.51,21.51,21.51,000,14.150991
2010-07-16,21.51,21.51,21.51,21.51,000,14.150991
2010-07-15,21.51,21.51,21.51,21.51,000,14.150991
2010-07-14,21.51,21.51,21.51,21.51,000,14.150991
2010-07-13,21.51,21.51,21.51,21.51,000,14.150991
2010-07-12,21.51,21.51,21.51,21.51,000,14.150991
2010-07-09,22.50,22.50,21.51,21.51,500,14.150991
2010-07-08,22.50,22.50,22.50,22.50,700,14.802292
2010-07-07,20.809999,20.809999,20.809999,20.809999,000,13.690475
2010-07-06,20.93,20.93,20.809999,20.809999,300,13.690475
2010-07-02,20.68,20.68,20.68,20.68,000,13.604951
2010-07-01,20.68,20.68,20.68,20.68,200,13.604951
2010-06-30,21.50,21.50,21.50,21.50,300,14.144412
2010-06-29,21.049999,21.049999,21.00,21.00,2000,13.815473
2010-06-28,21.02,21.02,21.02,21.02,100,13.828631
2010-06-25,20.530001,20.90,20.530001,20.73,1600,13.637845
2010-06-24,22.35,22.950001,22.35,22.50,900,14.454931
2010-06-23,21.41,21.41,21.40,21.40,500,13.748246
2010-06-22,21.299999,21.299999,21.299999,21.299999,000,13.684001
2010-06-21,21.299999,21.299999,21.299999,21.299999,000,13.684001
2010-06-18,21.35,21.35,21.299999,21.299999,400,13.684001
2010-06-17,22.60,22.60,22.60,22.60,100,14.519176
2010-06-16,22.60,22.60,22.60,22.60,000,14.519176
2010-06-15,21.00,22.60,20.950001,22.60,400,14.519176
2010-06-14,21.00,21.00,21.00,21.00,000,13.491269
2010-06-11,21.00,21.00,21.00,21.00,000,13.491269
2010-06-10,21.00,21.00,21.00,21.00,100,13.491269
2010-06-09,21.110001,21.110001,21.110001,21.110001,100,13.561938
2010-06-08,21.950001,21.950001,21.950001,21.950001,600,14.101589
2010-06-07,20.66,21.049999,20.66,21.00,700,13.491269
2010-06-04,21.08,21.08,21.059999,21.059999,300,13.529815
2010-06-03,21.049999,21.049999,21.049999,21.049999,000,13.523391
2010-06-02,21.049999,21.049999,21.049999,21.049999,300,13.523391
2010-06-01,21.00,21.00,21.00,21.00,000,13.491269
2010-05-28,21.23,21.23,21.00,21.00,1700,13.491269
2010-05-27,21.25,21.25,21.25,21.25,000,13.65188
2010-05-26,21.25,21.25,21.25,21.25,000,13.65188
2010-05-25,21.25,21.25,21.25,21.25,100,13.65188
2010-05-24,21.10,21.10,21.10,21.10,000,13.555514
2010-05-21,21.10,21.10,21.10,21.10,000,13.555514
2010-05-20,21.10,21.10,21.10,21.10,000,13.555514
2010-05-19,21.10,21.10,21.10,21.10,000,13.555514
2010-05-18,21.10,21.10,21.10,21.10,000,13.555514
2010-05-17,21.10,21.10,21.10,21.10,000,13.555514
2010-05-14,21.10,21.10,21.10,21.10,000,13.555514
2010-05-13,21.540001,21.540001,21.10,21.10,400,13.555514
2010-05-12,21.030001,21.030001,21.030001,21.030001,000,13.510543
2010-05-11,21.030001,21.030001,21.030001,21.030001,000,13.510543
2010-05-10,21.030001,21.030001,21.030001,21.030001,200,13.510543
2010-05-07,22.99,22.99,20.639999,20.639999,600,13.25999
2010-05-06,22.950001,22.950001,22.950001,22.950001,000,14.74403
2010-05-05,22.950001,22.950001,22.950001,22.950001,000,14.74403
2010-05-04,22.950001,22.950001,22.950001,22.950001,000,14.74403
2010-05-03,22.700001,22.950001,22.700001,22.950001,600,14.74403
2010-04-30,21.01,21.01,21.01,21.01,000,13.497694
2010-04-29,22.01,22.01,20.75,21.01,1200,13.497694
2010-04-28,22.90,22.90,22.90,22.90,500,14.711908
2010-04-27,22.950001,22.950001,22.950001,22.950001,100,14.74403
2010-04-26,22.75,22.75,21.040001,21.75,1500,13.9731
2010-04-23,22.799999,22.799999,22.799999,22.799999,200,14.647663
2010-04-22,22.75,22.75,22.75,22.75,000,14.615542
2010-04-21,22.75,22.75,22.75,22.75,000,14.615542
2010-04-20,22.75,22.75,22.75,22.75,000,14.615542
2010-04-19,22.75,22.75,22.75,22.75,000,14.615542
2010-04-16,22.75,22.75,22.75,22.75,000,14.615542
2010-04-15,22.75,22.75,22.75,22.75,000,14.615542
2010-04-14,22.75,22.75,22.75,22.75,000,14.615542
2010-04-13,22.75,22.75,22.75,22.75,000,14.615542
2010-04-12,22.75,22.75,22.75,22.75,000,14.615542
2010-04-09,22.75,22.75,22.75,22.75,100,14.615542
2010-04-08,22.719999,22.719999,22.719999,22.719999,000,14.596268
2010-04-07,22.90,22.92,22.719999,22.719999,500,14.596268
2010-04-06,21.059999,21.059999,21.059999,21.059999,000,13.529815
2010-04-05,21.059999,21.059999,21.059999,21.059999,000,13.529815
2010-04-01,20.84,21.50,20.84,21.059999,300,13.529815
2010-03-31,21.99,22.82,21.99,22.82,1800,14.660512
2010-03-30,21.74,21.99,21.74,21.950001,900,14.101589
2010-03-29,21.700001,21.799999,21.65,21.799999,900,14.005222
2010-03-26,20.57,20.57,20.57,20.57,200,13.215019
2010-03-25,22.10,22.139999,22.00,22.01,1400,13.800926
2010-03-24,22.950001,22.950001,22.950001,22.950001,400,14.390334
2010-03-23,23.00,23.00,23.00,23.00,000,14.421685
2010-03-22,23.00,23.00,23.00,23.00,000,14.421685
2010-03-19,23.00,23.00,23.00,23.00,000,14.421685
2010-03-18,21.58,23.00,21.58,23.00,5500,14.421685
2010-03-17,20.559999,20.559999,20.559999,20.559999,000,12.891732
2010-03-16,20.559999,20.559999,20.559999,20.559999,100,12.891732
2010-03-15,22.25,22.25,21.879999,22.25,2400,13.951413
2010-03-12,20.280001,20.52,20.059999,20.52,400,12.866651
2010-03-11,22.370001,22.370001,22.370001,22.370001,000,14.026657
2010-03-10,22.370001,22.370001,22.370001,22.370001,000,14.026657
2010-03-09,22.370001,22.370001,22.370001,22.370001,000,14.026657
2010-03-08,22.370001,22.370001,22.370001,22.370001,000,14.026657
2010-03-05,22.370001,22.370001,22.370001,22.370001,300,14.026657
2010-03-04,21.940001,22.35,21.940001,22.35,1400,14.014116
2010-03-03,22.35,22.35,21.940001,21.940001,200,13.757034
2010-03-02,22.379999,22.379999,22.379999,22.379999,000,14.032926
2010-03-01,22.379999,22.379999,22.379999,22.379999,300,14.032926
2010-02-26,20.50,20.50,20.50,20.50,000,12.85411
2010-02-25,20.50,20.50,20.50,20.50,300,12.85411
2010-02-24,20.50,20.50,20.50,20.50,000,12.85411
2010-02-23,20.559999,20.60,20.50,20.50,900,12.85411
2010-02-22,21.60,21.60,21.60,21.60,000,13.543843
2010-02-19,21.60,21.60,21.60,21.60,200,13.543843
2010-02-18,21.00,21.00,21.00,21.00,000,13.167625
2010-02-17,21.00,21.00,21.00,21.00,000,13.167625
2010-02-16,20.50,21.00,20.50,21.00,600,13.167625
2010-02-12,21.940001,21.940001,20.02,20.02,200,12.553136
2010-02-11,20.00,20.00,20.00,20.00,000,12.540596
2010-02-10,20.00,20.00,20.00,20.00,000,12.540596
2010-02-09,20.00,20.00,20.00,20.00,000,12.540596
2010-02-08,20.00,20.00,20.00,20.00,000,12.540596
2010-02-05,20.00,20.00,20.00,20.00,000,12.540596
2010-02-04,20.00,20.00,20.00,20.00,000,12.540596
2010-02-03,20.00,20.00,20.00,20.00,000,12.540596
2010-02-02,20.00,20.00,20.00,20.00,000,12.540596
2010-02-01,20.00,20.00,20.00,20.00,100,12.540596
2010-01-29,20.01,20.01,20.01,20.01,000,12.546866
2010-01-28,20.01,20.01,20.01,20.01,000,12.546866
2010-01-27,20.049999,20.049999,19.809999,20.01,500,12.546866
2010-01-26,22.00,22.00,22.00,22.00,000,13.794655
2010-01-25,22.00,22.00,22.00,22.00,000,13.794655
2010-01-22,22.00,22.00,22.00,22.00,500,13.794655
2010-01-21,21.950001,21.950001,21.950001,21.950001,200,13.763304
2010-01-20,21.75,21.950001,21.75,21.950001,500,13.763304
2010-01-19,21.950001,21.950001,21.950001,21.950001,000,13.763304
2010-01-15,21.950001,21.950001,21.950001,21.950001,000,13.763304
2010-01-14,19.950001,21.950001,19.950001,21.950001,1600,13.763304
2010-01-13,19.93,19.93,19.93,19.93,300,12.496704
2010-01-12,19.50,19.50,19.50,19.50,000,12.227081
2010-01-11,19.610001,19.639999,19.50,19.50,700,12.227081
2010-01-08,19.52,19.52,19.52,19.52,100,12.239622
2010-01-07,20.00,20.00,20.00,20.00,000,12.540596
2010-01-06,20.00,20.00,20.00,20.00,000,12.540596
2010-01-05,20.00,20.00,20.00,20.00,000,12.540596
2010-01-04,20.00,20.00,20.00,20.00,000,12.540596
2009-12-31,20.00,20.00,20.00,20.00,100,12.540596
2009-12-30,19.620001,20.00,19.50,20.00,1900,12.540596
2009-12-29,21.950001,21.950001,21.950001,21.950001,000,13.763304
2009-12-28,21.950001,21.950001,21.950001,21.950001,000,13.763304
2009-12-24,21.950001,21.950001,21.950001,21.950001,100,13.432233
2009-12-23,20.35,20.35,20.35,20.35,000,12.453118
2009-12-22,20.35,20.35,20.35,20.35,000,12.453118
2009-12-21,20.35,20.35,20.35,20.35,000,12.453118
2009-12-18,20.35,20.35,20.35,20.35,000,12.453118
2009-12-17,20.34,20.35,20.34,20.35,300,12.453118
2009-12-16,21.950001,21.950001,21.950001,21.950001,000,13.432233
2009-12-15,21.950001,21.950001,21.950001,21.950001,000,13.432233
2009-12-14,21.950001,21.950001,21.950001,21.950001,2000,13.432233
2009-12-11,21.950001,21.950001,21.950001,21.950001,000,13.432233
2009-12-10,21.950001,21.950001,21.950001,21.950001,000,13.432233
2009-12-09,21.950001,21.950001,21.950001,21.950001,000,13.432233
2009-12-08,21.950001,21.950001,21.950001,21.950001,000,13.432233
2009-12-07,21.99,21.99,21.950001,21.950001,2000,13.432233
2009-12-04,20.08,20.08,20.08,20.08,000,12.287892
2009-12-03,20.08,20.08,20.08,20.08,200,12.287892
2009-12-02,21.00,21.00,21.00,21.00,000,12.850883
2009-12-01,22.35,22.35,21.00,21.00,300,12.850883
2009-11-30,22.35,22.35,22.35,22.35,200,13.677012
2009-11-27,20.030001,20.030001,20.030001,20.030001,000,12.257295
2009-11-25,20.030001,20.030001,20.030001,20.030001,000,12.257295
2009-11-24,20.030001,20.030001,20.030001,20.030001,000,12.257295
2009-11-23,20.030001,20.030001,20.030001,20.030001,000,12.257295
2009-11-20,20.030001,20.030001,20.030001,20.030001,200,12.257295
2009-11-19,21.00,21.00,21.00,21.00,000,12.850883
2009-11-18,21.00,21.00,21.00,21.00,000,12.850883
2009-11-17,21.00,21.00,21.00,21.00,000,12.850883
2009-11-16,21.00,21.00,21.00,21.00,000,12.850883
2009-11-13,21.00,21.00,21.00,21.00,300,12.850883
2009-11-12,21.360001,21.50,21.360001,21.50,600,13.156857
2009-11-11,19.969999,19.969999,19.969999,19.969999,000,12.220578
2009-11-10,19.969999,19.969999,19.969999,19.969999,100,12.220578
2009-11-09,21.40,21.40,21.40,21.40,000,13.095662
2009-11-06,21.40,21.40,21.40,21.40,000,13.095662
2009-11-05,21.40,21.40,21.40,21.40,000,13.095662
2009-11-04,21.40,21.40,21.40,21.40,500,13.095662
2009-11-03,21.040001,21.040001,21.00,21.00,600,12.850883
2009-11-02,19.32,19.32,19.32,19.32,000,11.822812
2009-10-30,19.32,19.32,19.32,19.32,000,11.822812
2009-10-29,19.32,19.32,19.32,19.32,000,11.822812
2009-10-28,19.32,19.32,19.32,19.32,000,11.822812
2009-10-27,19.32,19.32,19.32,19.32,000,11.822812
2009-10-26,19.32,19.32,19.32,19.32,000,11.822812
2009-10-23,19.32,19.32,19.32,19.32,000,11.822812
2009-10-22,19.32,19.32,19.32,19.32,000,11.822812
2009-10-21,19.32,19.32,19.32,19.32,000,11.822812
2009-10-20,19.32,19.32,19.32,19.32,000,11.822812
2009-10-19,19.32,19.32,19.32,19.32,000,11.822812
2009-10-16,19.32,19.32,19.32,19.32,000,11.822812
2009-10-15,19.32,19.32,19.32,19.32,000,11.822812
2009-10-14,19.32,19.32,19.32,19.32,000,11.822812
2009-10-13,19.32,19.32,19.32,19.32,000,11.822812
2009-10-12,19.32,19.32,19.32,19.32,000,11.822812
2009-10-09,19.32,19.32,19.32,19.32,000,11.822812
2009-10-08,19.32,19.32,19.32,19.32,000,11.822812
2009-10-07,19.32,19.32,19.32,19.32,000,11.822812
2009-10-06,19.32,19.32,19.32,19.32,000,11.822812
2009-10-05,19.540001,19.540001,19.32,19.32,400,11.822812
2009-10-02,18.50,18.50,18.50,18.50,200,11.321016
2009-10-01,22.00,22.00,22.00,22.00,000,13.46283
2009-09-30,22.00,22.00,22.00,22.00,000,13.46283
2009-09-29,22.00,22.00,22.00,22.00,000,13.46283
2009-09-28,22.00,22.00,22.00,22.00,000,13.46283
2009-09-25,22.00,22.00,22.00,22.00,000,13.46283
2009-09-24,22.00,22.00,22.00,22.00,000,13.139721
2009-09-23,22.00,22.00,22.00,22.00,000,13.139721
2009-09-22,22.00,22.00,22.00,22.00,000,13.139721
2009-09-21,22.00,22.00,22.00,22.00,000,13.139721
2009-09-18,22.00,22.00,22.00,22.00,000,13.139721
2009-09-17,22.00,22.00,22.00,22.00,000,13.139721
2009-09-16,22.00,22.00,22.00,22.00,000,13.139721
2009-09-15,22.00,22.00,22.00,22.00,000,13.139721
2009-09-14,22.00,22.00,22.00,22.00,500,13.139721
2009-09-11,20.01,20.01,19.85,19.85,400,11.855612
2009-09-10,22.469999,22.469999,22.469999,22.469999,000,13.420433
2009-09-09,22.00,22.469999,22.00,22.469999,300,13.420433
2009-09-08,20.75,20.75,20.75,20.75,000,12.393146
2009-09-04,20.75,20.75,20.75,20.75,000,12.393146
2009-09-03,21.559999,21.559999,20.75,20.75,600,12.393146
2009-09-02,20.00,20.00,20.00,20.00,000,11.945201
2009-09-01,20.00,20.00,20.00,20.00,300,11.945201
2009-08-31,20.540001,20.540001,20.50,20.50,600,12.243831
2009-08-28,20.50,21.40,20.50,21.40,1200,12.781365
2009-08-27,20.59,20.59,20.59,20.59,000,12.297585
2009-08-26,20.540001,20.59,20.540001,20.59,400,12.297585
2009-08-25,18.91,20.15,18.91,20.15,700,12.03479
2009-08-24,20.60,20.60,19.639999,19.639999,1400,11.730187
2009-08-21,19.75,20.25,19.50,20.24,1300,12.088543
2009-08-20,20.00,20.00,19.01,19.309999,2300,11.533091
2009-08-19,21.969999,21.969999,21.969999,21.969999,000,13.121803
2009-08-18,22.00,22.00,21.969999,21.969999,700,13.121803
2009-08-17,20.75,20.75,20.75,20.75,000,12.393146
2009-08-14,20.75,20.75,20.75,20.75,200,12.393146
2009-08-13,20.799999,20.799999,20.799999,20.799999,200,12.423009
2009-08-12,20.75,20.75,20.75,20.75,000,12.393146
2009-08-11,20.75,20.75,20.75,20.75,200,12.393146
2009-08-10,20.75,20.75,20.75,20.75,000,12.393146
2009-08-07,20.75,20.75,20.75,20.75,000,12.393146
2009-08-06,20.75,20.75,20.75,20.75,700,12.393146
2009-08-05,20.75,20.75,20.75,20.75,000,12.393146
2009-08-04,20.719999,20.75,20.719999,20.75,300,12.393146
2009-08-03,20.25,20.25,20.25,20.25,000,12.094516
2009-07-31,20.25,20.25,20.25,20.25,500,12.094516
2009-07-30,19.00,19.00,19.00,19.00,000,11.347941
2009-07-29,19.00,19.00,19.00,19.00,000,11.347941
2009-07-28,19.00,19.00,19.00,19.00,000,11.347941
2009-07-27,19.370001,19.370001,19.00,19.00,700,11.347941
2009-07-24,20.25,20.25,20.25,20.25,000,12.094516
2009-07-23,20.25,20.25,20.25,20.25,000,12.094516
2009-07-22,20.25,20.25,20.25,20.25,000,12.094516
2009-07-21,20.25,20.25,20.25,20.25,300,12.094516
2009-07-20,19.33,19.33,19.309999,19.309999,300,11.533091
2009-07-17,19.57,19.57,19.57,19.57,000,11.688379
2009-07-16,19.57,19.57,19.57,19.57,000,11.688379
2009-07-15,19.57,19.57,19.57,19.57,200,11.688379
2009-07-14,20.50,20.50,20.50,20.50,000,12.243831
2009-07-13,20.50,20.50,20.50,20.50,000,12.243831
2009-07-10,19.50,20.50,19.50,20.50,300,12.243831
2009-07-09,21.00,21.00,21.00,21.00,000,12.542461
2009-07-08,21.00,21.00,21.00,21.00,000,12.542461
2009-07-07,21.00,21.00,21.00,21.00,300,12.542461
2009-07-06,19.52,19.52,19.52,19.52,300,11.658517
2009-07-02,18.91,18.91,18.91,18.91,000,11.294188
2009-07-01,18.91,18.91,18.91,18.91,000,11.294188
2009-06-30,18.91,18.91,18.91,18.91,000,11.294188
2009-06-29,18.91,18.91,18.91,18.91,000,11.294188
2009-06-26,18.91,18.91,18.91,18.91,000,11.294188
2009-06-25,19.50,19.50,18.91,18.91,400,11.294188
2009-06-24,20.049999,20.049999,20.049999,20.049999,000,11.659711
2009-06-23,20.049999,20.049999,20.049999,20.049999,000,11.659711
2009-06-22,20.50,20.50,20.049999,20.049999,700,11.659711
2009-06-19,20.09,20.09,20.09,20.09,000,11.682973
2009-06-18,20.09,20.09,20.09,20.09,000,11.682973
2009-06-17,20.09,20.09,20.09,20.09,000,11.682973
2009-06-16,20.09,20.09,20.09,20.09,000,11.682973
2009-06-15,20.09,20.09,20.09,20.09,000,11.682973
2009-06-12,20.09,20.09,20.09,20.09,000,11.682973
2009-06-11,20.09,20.09,20.09,20.09,000,11.682973
2009-06-10,20.09,20.09,20.09,20.09,400,11.682973
2009-06-09,21.030001,21.030001,21.030001,21.030001,000,12.229613
2009-06-08,22.50,22.50,21.030001,21.030001,1300,12.229613
2009-06-05,21.00,21.50,21.00,21.00,3200,12.212167
2009-06-04,21.50,21.50,21.50,21.50,000,12.502933
2009-06-03,21.50,21.50,21.50,21.50,000,12.502933
2009-06-02,21.50,21.50,21.50,21.50,1000,12.502933
2009-06-01,21.50,21.50,21.50,21.50,000,12.502933
2009-05-29,21.50,21.50,21.50,21.50,500,12.502933
2009-05-28,21.92,21.92,21.92,21.92,000,12.747176
2009-05-27,21.92,21.92,21.92,21.92,000,12.747176
2009-05-26,21.92,21.92,21.92,21.92,000,12.747176
2009-05-22,21.92,21.92,21.92,21.92,000,12.747176
2009-05-21,21.92,21.92,21.92,21.92,000,12.747176
2009-05-20,20.50,21.92,20.50,21.92,300,12.747176
2009-05-19,19.50,19.50,19.50,19.50,000,11.339869
2009-05-18,18.91,19.58,18.91,19.50,3100,11.339869
2009-05-15,21.00,21.00,21.00,21.00,500,12.212167
2009-05-14,18.91,18.91,18.90,18.90,400,10.99095
2009-05-13,19.60,19.60,19.60,19.60,000,11.398023
2009-05-12,19.60,19.60,19.60,19.60,000,11.398023
2009-05-11,19.60,19.60,19.60,19.60,000,11.398023
2009-05-08,19.60,19.60,19.60,19.60,000,11.398023
2009-05-07,19.60,19.60,19.60,19.60,000,11.398023
2009-05-06,19.60,19.60,19.60,19.60,000,11.398023
2009-05-05,19.60,19.60,19.60,19.60,000,11.398023
2009-05-04,19.60,19.60,19.60,19.60,000,11.398023
2009-05-01,19.60,19.60,19.60,19.60,000,11.398023
2009-04-30,19.60,19.60,19.60,19.60,000,11.398023
2009-04-29,19.60,19.60,19.60,19.60,1300,11.398023
2009-04-28,18.50,18.50,18.50,18.50,000,10.758338
2009-04-27,19.00,19.549999,18.50,18.50,1200,10.758338
2009-04-24,19.00,19.00,19.00,19.00,000,11.049103
2009-04-23,19.00,19.00,19.00,19.00,000,11.049103
2009-04-22,19.00,19.00,19.00,19.00,000,11.049103
2009-04-21,19.00,19.00,19.00,19.00,000,11.049103
2009-04-20,19.10,19.10,19.00,19.00,1600,11.049103
2009-04-17,20.00,20.00,20.00,20.00,000,11.630635
2009-04-16,20.00,20.00,20.00,20.00,3800,11.630635
2009-04-15,19.50,19.50,19.50,19.50,000,11.339869
2009-04-14,19.49,19.50,19.49,19.50,500,11.339869
2009-04-13,18.309999,18.309999,18.309999,18.309999,200,10.647846
2009-04-09,18.309999,18.309999,18.309999,18.309999,000,10.647846
2009-04-08,18.309999,18.309999,18.309999,18.309999,100,10.647846
2009-04-07,18.209999,18.209999,18.209999,18.209999,200,10.589693
2009-04-06,18.90,18.90,18.90,18.90,100,10.99095
2009-04-03,19.959999,19.959999,18.709999,19.00,2600,11.049103
2009-04-02,20.200001,20.950001,20.200001,20.950001,400,12.183091
2009-04-01,19.50,21.50,19.50,21.50,500,12.502933
2009-03-31,17.469999,17.469999,17.469999,17.469999,000,10.15936
2009-03-30,18.60,18.60,17.469999,17.469999,300,10.15936
2009-03-27,19.889999,19.889999,19.889999,19.889999,000,11.566666
2009-03-26,19.889999,19.889999,19.889999,19.889999,000,11.566666
2009-03-25,19.889999,19.889999,19.889999,19.889999,100,11.259617
2009-03-24,19.040001,19.040001,19.040001,19.040001,200,10.778438
2009-03-23,18.98,18.98,18.98,18.98,000,10.744471
2009-03-20,18.98,18.98,18.98,18.98,500,10.744471
2009-03-19,18.00,18.98,18.00,18.01,500,10.19536
2009-03-18,16.700001,16.700001,16.700001,16.700001,000,9.453777
2009-03-17,16.34,16.700001,15.11,16.700001,500,9.453777
2009-03-16,17.10,17.10,17.10,17.10,000,9.680214
2009-03-13,17.15,17.15,17.10,17.10,400,9.680214
2009-03-12,16.00,16.00,16.00,16.00,000,9.05751
2009-03-11,17.040001,17.799999,16.00,16.00,900,9.05751
2009-03-10,13.84,15.00,13.84,15.00,300,8.491416
2009-03-09,17.00,17.00,17.00,17.00,000,9.623605
2009-03-06,16.90,17.00,16.90,17.00,1100,9.623605
2009-03-05,17.57,17.57,17.57,17.57,200,9.946278
2009-03-04,19.99,19.99,19.99,19.99,400,11.316227
2009-03-03,20.40,20.40,17.549999,17.58,1200,9.951939
2009-03-02,19.50,19.50,17.25,17.25,3100,9.765128
2009-02-27,18.00,18.00,18.00,18.00,000,10.189699
2009-02-26,18.00,18.00,18.00,18.00,000,10.189699
2009-02-25,18.50,18.50,14.00,18.00,6000,10.189699
2009-02-24,19.00,19.00,16.50,16.50,1900,9.340558
2009-02-23,20.00,20.00,20.00,20.00,000,11.321888
2009-02-20,20.00,20.00,20.00,20.00,200,11.321888
2009-02-19,20.799999,20.799999,20.799999,20.799999,000,11.774763
2009-02-18,20.709999,20.799999,20.700001,20.799999,600,11.774763
2009-02-17,21.00,21.01,21.00,21.00,900,11.887982
2009-02-13,22.50,22.50,22.50,22.50,2200,12.737124
2009-02-12,21.85,21.85,21.85,21.85,000,12.369163
2009-02-11,21.85,21.85,21.85,21.85,100,12.369163
2009-02-10,22.00,22.00,22.00,22.00,000,12.454077
2009-02-09,22.00,22.00,22.00,22.00,000,12.454077
2009-02-06,22.00,22.00,22.00,22.00,1000,12.454077
2009-02-05,21.00,21.00,21.00,21.00,000,11.887982
2009-02-04,21.01,21.01,21.00,21.00,300,11.887982
2009-02-03,21.25,21.85,21.25,21.83,1400,12.357841
2009-02-02,21.01,21.01,21.00,21.00,1000,11.887982
2009-01-30,20.620001,20.620001,20.620001,20.620001,000,11.672867
2009-01-29,20.620001,20.620001,20.620001,20.620001,000,11.672867
2009-01-28,20.65,20.65,20.620001,20.620001,200,11.672867
2009-01-27,21.969999,22.00,21.969999,22.00,600,12.454077
2009-01-26,19.75,19.75,19.75,19.75,000,11.180364
2009-01-23,19.75,19.75,19.75,19.75,000,11.180364
2009-01-22,19.75,19.75,19.75,19.75,000,11.180364
2009-01-21,19.75,19.75,19.75,19.75,000,11.180364
2009-01-20,19.75,19.75,19.75,19.75,200,11.180364
2009-01-16,19.15,19.15,19.15,19.15,000,10.840708
2009-01-15,19.15,19.15,19.15,19.15,000,10.840708
2009-01-14,19.15,19.15,19.15,19.15,500,10.840708
2009-01-13,20.02,20.02,19.469999,19.469999,900,11.021858
2009-01-12,20.110001,20.110001,20.110001,20.110001,100,11.384159
2009-01-09,20.040001,20.040001,20.040001,20.040001,400,11.344532
2009-01-08,22.00,22.00,22.00,22.00,900,12.454077
2009-01-07,20.01,20.01,20.01,20.01,200,11.327549
2009-01-06,20.00,20.00,20.00,20.00,000,11.321888
2009-01-05,20.00,20.00,20.00,20.00,000,11.321888
2009-01-02,20.00,20.00,20.00,20.00,000,11.321888
2008-12-31,20.00,20.00,20.00,20.00,000,11.321888
2008-12-30,20.00,20.00,20.00,20.00,000,11.321888
2008-12-29,20.00,20.00,20.00,20.00,000,11.321888
2008-12-26,20.00,20.00,20.00,20.00,000,11.321888
2008-12-24,20.00,20.00,20.00,20.00,000,11.02299
2008-12-23,20.00,20.00,20.00,20.00,200,11.02299
2008-12-22,21.99,21.99,21.99,21.99,100,12.119777
2008-12-19,20.00,20.00,20.00,20.00,000,11.02299
2008-12-18,20.00,20.00,20.00,20.00,200,11.02299
2008-12-17,20.00,20.00,20.00,20.00,200,11.02299
2008-12-16,18.00,20.00,17.00,20.00,2100,11.02299
2008-12-15,17.90,17.92,17.889999,17.92,600,9.876599
2008-12-12,21.99,22.43,17.059999,17.059999,1000,9.40261
2008-12-11,16.719999,19.16,16.719999,19.16,2600,10.560024
2008-12-10,20.02,20.02,20.02,20.02,000,11.034013
2008-12-09,20.02,20.02,20.02,20.02,000,11.034013
2008-12-08,18.51,20.02,18.50,20.02,2600,11.034013
2008-12-05,18.51,18.51,18.51,18.51,000,10.201777
2008-12-04,18.51,18.51,18.51,18.51,000,10.201777
2008-12-03,18.51,18.51,18.51,18.51,400,10.201777
2008-12-02,19.700001,19.700001,19.700001,19.700001,000,10.857645
2008-12-01,19.700001,19.700001,19.700001,19.700001,900,10.857645
2008-11-28,18.549999,18.549999,18.549999,18.549999,000,10.223823
2008-11-26,18.549999,18.549999,18.549999,18.549999,000,10.223823
2008-11-25,18.549999,18.549999,18.549999,18.549999,000,10.223823
2008-11-24,18.549999,18.549999,18.549999,18.549999,000,10.223823
2008-11-21,18.549999,18.549999,18.549999,18.549999,000,10.223823
2008-11-20,18.549999,18.549999,18.549999,18.549999,100,10.223823
2008-11-19,21.299999,21.299999,21.299999,21.299999,000,11.739484
2008-11-18,22.51,22.51,21.299999,21.299999,300,11.739484
2008-11-17,22.98,22.98,22.98,22.98,000,12.665415
2008-11-14,22.98,22.98,22.98,22.98,000,12.665415
2008-11-13,22.98,22.98,22.98,22.98,200,12.665415
2008-11-12,20.58,20.58,20.00,20.00,400,11.02299
2008-11-11,22.059999,22.059999,22.059999,22.059999,000,12.158357
2008-11-10,22.059999,22.059999,22.059999,22.059999,000,12.158357
2008-11-07,23.00,23.00,22.059999,22.059999,400,12.158357
2008-11-06,24.50,24.50,24.50,24.50,700,13.503162
2008-11-05,24.459999,24.459999,24.459999,24.459999,000,13.481116
2008-11-04,24.459999,24.459999,24.459999,24.459999,200,13.481116
2008-11-03,22.60,22.60,22.60,22.60,200,12.455979
2008-10-31,20.67,24.50,20.67,24.50,1000,13.503162
2008-10-30,17.959999,18.00,17.959999,18.00,700,9.920691
2008-10-29,18.700001,18.700001,14.00,16.10,3700,8.873507
2008-10-28,19.629999,19.629999,19.629999,19.629999,000,10.819064
2008-10-27,19.629999,19.629999,19.629999,19.629999,200,10.819064
2008-10-24,14.51,14.51,14.51,14.51,300,7.997179
2008-10-23,21.00,21.00,21.00,21.00,700,11.574139
2008-10-22,19.99,19.99,19.99,19.99,000,11.017478
2008-10-21,19.91,19.99,19.91,19.99,2000,11.017478
2008-10-20,18.51,18.51,18.51,18.51,200,10.201777
2008-10-17,18.50,18.50,18.50,18.50,100,10.196266
2008-10-16,18.52,18.52,18.52,18.52,000,10.207289
2008-10-15,18.52,18.52,18.52,18.52,000,10.207289
2008-10-14,18.700001,18.700001,16.90,18.52,900,10.207289
2008-10-13,16.91,16.91,16.91,16.91,000,9.319938
2008-10-10,19.299999,19.299999,16.41,16.91,1000,9.319938
2008-10-09,19.00,19.00,19.00,19.00,400,10.47184
2008-10-08,19.01,19.01,19.01,19.01,200,10.477352
2008-10-07,20.40,20.40,20.40,20.40,000,11.243449
2008-10-06,18.809999,20.40,18.33,20.40,1200,11.243449
2008-10-03,19.24,19.24,19.24,19.24,000,10.604116
2008-10-02,18.959999,19.24,18.51,19.24,700,10.604116
2008-10-01,20.00,20.00,20.00,20.00,400,11.02299
2008-09-30,22.26,22.26,22.219999,22.26,1000,12.268588
2008-09-29,21.25,21.25,21.25,21.25,100,11.711927
2008-09-26,21.360001,21.360001,21.360001,21.360001,000,11.772553
2008-09-25,21.360001,21.360001,21.360001,21.360001,000,11.772553
2008-09-24,21.360001,21.360001,21.360001,21.360001,100,11.481547
2008-09-23,22.50,22.50,22.00,22.00,1800,11.825563
2008-09-22,22.25,22.25,22.00,22.00,700,11.825563
2008-09-19,21.25,21.25,21.25,21.25,000,11.422419
2008-09-18,21.25,21.25,21.25,21.25,900,11.422419
2008-09-17,23.00,23.00,21.15,21.15,600,11.368666
2008-09-16,23.00,23.00,23.00,23.00,300,12.363089
2008-09-15,23.01,23.01,23.01,23.01,200,12.368464
2008-09-12,24.65,24.65,24.65,24.65,300,13.250006
2008-09-11,24.549999,24.549999,24.549999,24.549999,000,13.196253
2008-09-10,24.549999,24.549999,24.549999,24.549999,000,13.196253
2008-09-09,24.549999,24.549999,24.549999,24.549999,200,13.196253
2008-09-08,24.50,24.549999,24.50,24.549999,800,13.196253
2008-09-05,25.00,25.00,25.00,25.00,500,13.43814
2008-09-04,24.450001,25.00,24.450001,25.00,500,13.43814
2008-09-03,25.00,25.00,25.00,25.00,800,13.43814
2008-09-02,24.84,24.84,24.84,24.84,000,13.352136
2008-08-29,24.84,24.84,24.84,24.84,600,13.352136
2008-08-28,24.299999,24.299999,24.299999,24.299999,000,13.061872
2008-08-27,24.299999,24.299999,24.299999,24.299999,000,13.061872
2008-08-26,24.299999,24.299999,24.299999,24.299999,000,13.061872
2008-08-25,24.299999,24.299999,24.299999,24.299999,200,13.061872
2008-08-22,25.00,25.00,25.00,25.00,000,13.43814
2008-08-21,25.00,25.00,25.00,25.00,000,13.43814
2008-08-20,25.00,25.00,25.00,25.00,000,13.43814
2008-08-19,25.00,25.00,25.00,25.00,000,13.43814
2008-08-18,25.00,25.00,25.00,25.00,500,13.43814
2008-08-15,24.26,24.26,24.26,24.26,300,13.040371
2008-08-14,24.26,24.26,24.26,24.26,000,13.040371
2008-08-13,24.25,24.26,24.25,24.26,300,13.040371
2008-08-12,24.25,24.25,24.25,24.25,000,13.034996
2008-08-11,24.25,24.25,24.25,24.25,000,13.034996
2008-08-08,24.25,24.25,24.25,24.25,500,13.034996
2008-08-07,24.299999,24.299999,24.299999,24.299999,000,13.061872
2008-08-06,24.299999,24.299999,24.299999,24.299999,200,13.061872
2008-08-05,24.33,24.33,24.33,24.33,000,13.077998
2008-08-04,24.33,24.33,24.33,24.33,000,13.077998
2008-08-01,24.33,24.33,24.33,24.33,000,13.077998
2008-07-31,24.33,24.33,24.33,24.33,200,13.077998
2008-07-30,24.50,24.50,24.50,24.50,000,13.169377
2008-07-29,24.50,24.50,24.50,24.50,000,13.169377
2008-07-28,24.50,24.50,24.50,24.50,000,13.169377
2008-07-25,24.50,24.50,24.50,24.50,000,13.169377
2008-07-24,24.50,24.50,24.50,24.50,000,13.169377
2008-07-23,24.25,24.50,24.24,24.50,3800,13.169377
2008-07-22,23.040001,23.040001,23.040001,23.040001,000,12.38459
2008-07-21,23.040001,23.040001,23.040001,23.040001,000,12.38459
2008-07-18,23.040001,23.040001,23.040001,23.040001,000,12.38459
2008-07-17,23.059999,23.059999,23.040001,23.040001,200,12.38459
2008-07-16,24.620001,24.620001,23.00,23.00,1200,12.363089
2008-07-15,24.98,24.98,24.98,24.98,000,13.427389
2008-07-14,24.98,24.98,24.98,24.98,1100,13.427389
2008-07-11,24.030001,24.030001,24.00,24.00,6400,12.900614
2008-07-10,23.01,23.01,23.01,23.01,100,12.368464
2008-07-09,24.25,24.25,24.25,24.25,5000,13.034996
2008-07-08,23.50,23.50,23.50,23.50,000,12.631851
2008-07-07,23.50,23.50,23.50,23.50,000,12.631851
2008-07-03,23.50,23.50,23.50,23.50,000,12.631851
2008-07-02,23.50,23.50,23.50,23.50,000,12.631851
2008-07-01,23.50,23.50,23.50,23.50,000,12.631851
2008-06-30,23.50,23.50,23.50,23.50,000,12.631851
2008-06-27,23.35,23.50,23.35,23.50,2000,12.631851
2008-06-26,24.030001,24.030001,23.129999,23.75,1600,12.766233
2008-06-25,25.00,25.01,24.67,24.67,2300,13.260756
2008-06-24,25.00,25.00,25.00,25.00,000,13.154326
2008-06-23,24.559999,25.00,24.559999,25.00,300,13.154326
2008-06-20,25.00,25.00,24.610001,25.00,700,13.154326
2008-06-19,25.299999,25.299999,25.299999,25.299999,200,13.312178
2008-06-18,24.559999,24.559999,24.559999,24.559999,000,12.92281
2008-06-17,24.559999,24.559999,24.559999,24.559999,000,12.92281
2008-06-16,24.559999,24.559999,24.559999,24.559999,000,12.92281
2008-06-13,24.559999,24.559999,24.559999,24.559999,500,12.92281
2008-06-12,24.91,24.91,24.91,24.91,000,13.106971
2008-06-11,24.91,24.91,24.91,24.91,000,13.106971
2008-06-10,24.90,24.91,24.90,24.91,700,13.106971
2008-06-09,24.57,24.57,24.57,24.57,000,12.928072
2008-06-06,25.50,25.50,24.57,24.57,600,12.928072
2008-06-05,24.969999,24.969999,24.969999,24.969999,000,13.138541
2008-06-04,24.969999,24.969999,24.969999,24.969999,000,13.138541
2008-06-03,24.969999,24.969999,24.969999,24.969999,000,13.138541
2008-06-02,24.85,24.969999,24.85,24.969999,1600,13.138541
2008-05-30,24.540001,24.540001,24.540001,24.540001,000,12.912287
2008-05-29,24.540001,24.540001,24.540001,24.540001,000,12.912287
2008-05-28,24.540001,24.540001,24.540001,24.540001,000,12.912287
2008-05-27,24.540001,24.540001,24.540001,24.540001,000,12.912287
2008-05-23,24.540001,24.540001,24.540001,24.540001,000,12.912287
2008-05-22,24.540001,24.540001,24.540001,24.540001,000,12.912287
2008-05-21,24.540001,24.540001,24.540001,24.540001,000,12.912287
2008-05-20,24.540001,24.540001,24.540001,24.540001,000,12.912287
2008-05-19,24.59,24.59,24.540001,24.540001,800,12.912287
2008-05-16,24.790001,24.790001,24.790001,24.790001,000,13.043831
2008-05-15,24.790001,24.790001,24.790001,24.790001,000,13.043831
2008-05-14,24.790001,24.790001,24.790001,24.790001,300,13.043831
2008-05-13,24.610001,24.700001,24.50,24.700001,2600,12.996475
2008-05-12,24.540001,24.540001,24.540001,24.540001,000,12.912287
2008-05-09,24.540001,24.540001,24.540001,24.540001,000,12.912287
2008-05-08,24.540001,24.540001,24.540001,24.540001,000,12.912287
2008-05-07,24.549999,24.549999,24.540001,24.540001,700,12.912287
2008-05-06,24.620001,24.620001,24.549999,24.549999,200,12.917548
2008-05-05,24.549999,24.549999,24.549999,24.549999,300,12.917548
2008-05-02,25.50,25.50,25.50,25.50,000,13.417413
2008-05-01,24.530001,25.969999,24.530001,25.50,1900,13.417413
2008-04-30,24.51,24.51,24.51,24.51,200,12.896502
2008-04-29,24.459999,24.459999,24.459999,24.459999,000,12.870192
2008-04-28,24.459999,24.459999,24.459999,24.459999,000,12.870192
2008-04-25,25.50,25.50,24.459999,24.459999,200,12.870192
2008-04-24,26.00,26.00,26.00,26.00,000,13.680499
2008-04-23,26.00,26.00,26.00,26.00,300,13.680499
2008-04-22,24.35,24.35,24.35,24.35,000,12.812314
2008-04-21,24.35,24.35,24.35,24.35,000,12.812314
2008-04-18,24.35,24.35,24.35,24.35,000,12.812314
2008-04-17,24.35,24.35,24.35,24.35,000,12.812314
2008-04-16,24.35,24.35,24.35,24.35,000,12.812314
2008-04-15,24.35,24.35,24.35,24.35,200,12.812314
2008-04-14,24.60,24.60,24.00,24.40,900,12.838622
2008-04-11,24.65,24.65,24.610001,24.610001,500,12.949119
2008-04-10,24.620001,24.620001,24.620001,24.620001,000,12.954381
2008-04-09,24.620001,24.620001,24.620001,24.620001,100,12.954381
2008-04-08,24.809999,24.809999,24.809999,24.809999,000,13.054353
2008-04-07,24.809999,24.809999,24.809999,24.809999,000,13.054353
2008-04-04,24.809999,24.809999,24.809999,24.809999,000,13.054353
2008-04-03,24.809999,24.809999,24.809999,24.809999,000,13.054353
2008-04-02,24.809999,24.809999,24.809999,24.809999,000,13.054353
2008-04-01,24.809999,24.809999,24.809999,24.809999,000,13.054353
2008-03-31,24.809999,24.809999,24.809999,24.809999,000,13.054353
2008-03-28,24.809999,24.809999,24.809999,24.809999,000,13.054353
2008-03-27,24.809999,24.809999,24.809999,24.809999,000,13.054353
2008-03-26,24.809999,24.809999,24.809999,24.809999,000,13.054353
2008-03-25,24.809999,24.809999,24.809999,24.809999,200,12.776533
2008-03-24,24.719999,24.719999,24.719999,24.719999,000,12.730185
2008-03-20,24.719999,24.719999,24.719999,24.719999,000,12.730185
2008-03-19,24.719999,24.719999,24.719999,24.719999,000,12.730185
2008-03-18,24.719999,24.719999,24.719999,24.719999,000,12.730185
2008-03-17,24.719999,24.719999,24.719999,24.719999,000,12.730185
2008-03-14,24.719999,24.719999,24.719999,24.719999,500,12.730185
2008-03-13,25.200001,25.200001,25.200001,25.200001,000,12.977374
2008-03-12,25.200001,25.200001,25.200001,25.200001,000,12.977374
2008-03-11,25.200001,25.200001,25.200001,25.200001,000,12.977374
2008-03-10,25.200001,25.200001,25.200001,25.200001,500,12.977374
2008-03-07,24.540001,24.540001,24.540001,24.540001,000,12.63749
2008-03-06,24.540001,24.540001,24.540001,24.540001,000,12.63749
2008-03-05,24.540001,24.540001,24.540001,24.540001,000,12.63749
2008-03-04,24.540001,24.540001,24.540001,24.540001,000,12.63749
2008-03-03,24.540001,24.540001,24.540001,24.540001,000,12.63749
2008-02-29,24.540001,24.540001,24.540001,24.540001,000,12.63749
2008-02-28,24.540001,24.540001,24.540001,24.540001,000,12.63749
2008-02-27,24.540001,24.540001,24.540001,24.540001,000,12.63749
2008-02-26,24.540001,24.540001,24.540001,24.540001,000,12.63749
2008-02-25,24.540001,24.540001,24.540001,24.540001,000,12.63749
2008-02-22,24.540001,24.540001,24.540001,24.540001,200,12.63749
2008-02-21,24.540001,24.540001,24.540001,24.540001,200,12.63749
2008-02-20,24.52,24.52,24.52,24.52,200,12.62719
2008-02-19,24.52,24.52,24.52,24.52,000,12.62719
2008-02-15,24.52,24.52,24.52,24.52,000,12.62719
2008-02-14,24.799999,24.799999,24.52,24.52,1100,12.62719
2008-02-13,24.799999,24.799999,24.799999,24.799999,000,12.771383
2008-02-12,24.799999,24.799999,24.799999,24.799999,000,12.771383
2008-02-11,24.799999,24.799999,24.799999,24.799999,000,12.771383
2008-02-08,24.74,25.00,24.74,24.799999,2000,12.771383
2008-02-07,24.41,24.41,24.41,24.41,000,12.570543
2008-02-06,24.41,24.41,24.41,24.41,000,12.570543
2008-02-05,24.41,24.41,24.41,24.41,000,12.570543
2008-02-04,24.41,24.41,24.41,24.41,000,12.570543
2008-02-01,24.41,24.41,24.41,24.41,000,12.570543
2008-01-31,24.41,24.41,24.41,24.41,000,12.570543
2008-01-30,24.41,24.41,24.41,24.41,000,12.570543
2008-01-29,24.41,24.41,24.41,24.41,000,12.570543
2008-01-28,25.00,25.00,24.40,24.41,600,12.570543
2008-01-25,24.450001,24.450001,24.450001,24.450001,000,12.591142
2008-01-24,24.450001,24.450001,24.450001,24.450001,300,12.591142
2008-01-23,24.559999,24.559999,24.559999,24.559999,000,12.647789
2008-01-22,25.00,25.00,24.450001,24.559999,2200,12.647789
2008-01-18,24.50,24.50,24.50,24.50,200,12.616891
2008-01-17,24.90,25.00,24.90,25.00,400,12.874378
2008-01-16,24.50,24.50,24.50,24.50,400,12.616891
2008-01-15,24.50,24.50,24.50,24.50,400,12.616891
2008-01-14,24.50,24.50,24.50,24.50,000,12.616891
2008-01-11,24.50,24.50,24.50,24.50,000,12.616891
2008-01-10,24.549999,24.549999,24.50,24.50,500,12.616891
2008-01-09,24.549999,24.549999,24.549999,24.549999,000,12.642639
2008-01-08,24.549999,24.549999,24.549999,24.549999,200,12.642639
2008-01-07,24.549999,24.549999,24.549999,24.549999,000,12.642639
2008-01-04,24.549999,24.549999,24.549999,24.549999,000,12.642639
2008-01-03,24.549999,24.549999,24.549999,24.549999,000,12.642639
2008-01-02,24.549999,24.549999,24.549999,24.549999,000,12.642639
2007-12-31,24.559999,24.559999,24.549999,24.549999,700,12.642639
2007-12-28,24.50,24.50,24.50,24.50,000,12.616891
2007-12-27,24.50,24.50,24.50,24.50,000,12.616891
2007-12-26,24.15,24.50,24.15,24.50,200,12.616891
2007-12-24,24.50,24.50,24.50,24.50,000,12.344985
2007-12-21,23.60,24.809999,23.60,24.50,1600,12.344985
2007-12-20,24.65,24.65,22.809999,22.809999,500,11.493432
2007-12-19,24.65,24.65,24.65,24.65,000,12.420566
2007-12-18,24.65,24.65,24.65,24.65,000,12.420566
2007-12-17,24.65,24.65,24.65,24.65,000,12.420566
2007-12-14,24.65,24.65,24.65,24.65,000,12.420566
2007-12-13,24.65,24.65,24.65,24.65,200,12.420566
2007-12-12,24.65,24.65,24.65,24.65,000,12.420566
2007-12-11,24.65,24.65,24.65,24.65,200,12.420566
2007-12-10,24.65,24.75,24.65,24.75,300,12.470954
2007-12-07,24.700001,24.700001,24.700001,24.700001,000,12.44576
2007-12-06,24.700001,24.700001,24.700001,24.700001,000,12.44576
2007-12-05,24.700001,24.700001,24.700001,24.700001,300,12.44576
2007-12-04,24.700001,24.700001,24.700001,24.700001,000,12.44576
2007-12-03,24.700001,24.700001,24.700001,24.700001,000,12.44576
2007-11-30,24.700001,24.700001,24.700001,24.700001,000,12.44576
2007-11-29,24.700001,24.700001,24.700001,24.700001,200,12.44576
2007-11-28,25.00,25.00,25.00,25.00,000,12.596923
2007-11-27,25.00,25.00,25.00,25.00,000,12.596923
2007-11-26,25.00,25.00,25.00,25.00,000,12.596923
2007-11-23,25.00,25.00,25.00,25.00,000,12.596923
2007-11-21,25.00,25.00,25.00,25.00,000,12.596923
2007-11-20,25.00,25.00,25.00,25.00,000,12.596923
2007-11-19,25.00,25.00,25.00,25.00,000,12.596923
2007-11-16,25.00,25.00,25.00,25.00,000,12.596923
2007-11-15,25.00,25.00,25.00,25.00,000,12.596923
2007-11-14,25.00,25.00,25.00,25.00,100,12.596923
2007-11-13,24.700001,24.700001,24.700001,24.700001,000,12.44576
2007-11-12,24.700001,24.700001,24.700001,24.700001,000,12.44576
2007-11-09,24.700001,24.700001,24.700001,24.700001,400,12.44576
2007-11-08,24.700001,24.700001,24.700001,24.700001,000,12.44576
2007-11-07,24.700001,24.700001,24.700001,24.700001,000,12.44576
2007-11-06,24.700001,24.700001,24.700001,24.700001,000,12.44576
2007-11-05,24.700001,24.700001,24.700001,24.700001,000,12.44576
2007-11-02,24.700001,24.700001,24.700001,24.700001,000,12.44576
2007-11-01,24.700001,24.700001,24.700001,24.700001,000,12.44576
2007-10-31,24.700001,24.700001,24.700001,24.700001,300,12.44576
2007-10-30,24.700001,24.700001,24.700001,24.700001,000,12.44576
2007-10-29,24.700001,24.700001,24.700001,24.700001,000,12.44576
2007-10-26,24.700001,24.700001,24.700001,24.700001,000,12.44576
2007-10-25,24.700001,24.700001,24.700001,24.700001,000,12.44576
2007-10-24,24.700001,24.700001,24.700001,24.700001,000,12.44576
2007-10-23,24.700001,24.700001,24.700001,24.700001,400,12.44576
2007-10-22,24.700001,24.700001,24.700001,24.700001,200,12.44576
2007-10-19,24.700001,24.700001,24.700001,24.700001,000,12.44576
2007-10-18,24.700001,24.700001,24.700001,24.700001,300,12.44576
2007-10-17,24.700001,24.700001,24.700001,24.700001,000,12.44576
2007-10-16,24.700001,24.700001,24.700001,24.700001,000,12.44576
2007-10-15,24.700001,24.700001,24.700001,24.700001,000,12.44576
2007-10-12,24.700001,24.700001,24.700001,24.700001,200,12.44576
2007-10-11,24.74,24.74,24.74,24.74,000,12.465915
2007-10-10,24.74,24.74,24.74,24.74,000,12.465915
2007-10-09,24.74,24.799999,24.74,24.74,1100,12.465915
2007-10-08,24.02,24.02,24.02,24.02,000,12.103124
2007-10-05,24.02,24.02,24.02,24.02,000,12.103124
2007-10-04,24.02,24.02,24.02,24.02,000,12.103124
2007-10-03,24.50,24.50,24.01,24.02,600,12.103124
2007-10-02,24.50,24.50,24.50,24.50,200,12.344985
2007-10-01,23.799999,24.84,23.799999,24.84,200,12.516303
2007-09-28,23.76,24.99,23.76,24.01,1000,12.098085
2007-09-27,24.68,24.690001,24.68,24.690001,600,12.440722
2007-09-26,24.82,24.82,24.82,24.82,000,12.506225
2007-09-25,24.01,24.84,24.01,24.82,1200,12.240178
2007-09-24,24.209999,24.209999,24.209999,24.209999,200,11.939351
2007-09-21,24.74,24.85,24.18,24.85,1200,12.254973
2007-09-20,23.75,23.75,23.75,23.75,300,11.712499
2007-09-19,23.60,24.74,23.60,23.610001,1400,11.643457
2007-09-18,24.00,24.00,23.610001,23.610001,500,11.643457
2007-09-17,23.99,23.99,23.99,23.99,000,11.830857
2007-09-14,23.99,23.99,23.99,23.99,200,11.830857
2007-09-13,24.110001,24.110001,24.110001,24.110001,000,11.890036
2007-09-12,24.110001,24.110001,24.110001,24.110001,000,11.890036
2007-09-11,24.110001,24.110001,24.110001,24.110001,000,11.890036
2007-09-10,24.110001,24.110001,24.110001,24.110001,200,11.890036
2007-09-07,24.01,24.01,24.01,24.01,1200,11.84072
2007-09-06,24.51,24.51,24.51,24.51,000,12.087299
2007-09-05,24.549999,24.549999,24.51,24.51,900,12.087299
2007-09-04,24.76,24.76,24.76,24.76,000,12.210589
2007-08-31,24.76,24.76,24.76,24.76,000,12.210589
2007-08-30,24.76,24.76,24.76,24.76,000,12.210589
2007-08-29,24.76,24.76,24.76,24.76,000,12.210589
2007-08-28,24.76,24.76,24.76,24.76,200,12.210589
2007-08-27,25.27,25.27,25.27,25.27,000,12.462099
2007-08-24,25.27,25.27,25.27,25.27,000,12.462099
2007-08-23,25.27,25.27,25.27,25.27,000,12.462099
2007-08-22,25.27,25.27,25.27,25.27,000,12.462099
2007-08-21,25.27,25.27,25.27,25.27,000,12.462099
2007-08-20,25.200001,25.27,25.200001,25.27,1100,12.462099
2007-08-17,25.15,25.15,25.15,25.15,000,12.40292
2007-08-16,25.24,25.24,25.15,25.15,500,12.40292
2007-08-15,25.15,25.15,25.15,25.15,000,12.40292
2007-08-14,25.10,25.15,25.10,25.15,500,12.40292
2007-08-13,25.049999,25.450001,25.049999,25.450001,600,12.550868
2007-08-10,25.00,25.07,25.00,25.07,700,12.363467
2007-08-09,24.50,24.50,23.58,23.58,800,11.628662
2007-08-08,24.379999,24.379999,24.379999,24.379999,000,12.023188
2007-08-07,24.58,24.75,24.370001,24.379999,1600,12.023188
2007-08-06,25.16,25.16,25.16,25.16,400,12.407852
2007-08-03,25.60,25.60,25.60,25.60,000,12.624841
2007-08-02,25.60,25.60,25.60,25.60,000,12.624841
2007-08-01,25.60,25.60,25.60,25.60,000,12.624841
2007-07-31,25.60,25.60,25.60,25.60,600,12.624841
2007-07-30,25.16,25.16,25.16,25.16,000,12.407852
2007-07-27,25.16,25.16,25.16,25.16,000,12.407852
2007-07-26,25.16,25.16,25.16,25.16,000,12.407852
2007-07-25,25.16,25.16,25.16,25.16,000,12.407852
2007-07-24,25.16,25.16,25.16,25.16,000,12.407852
2007-07-23,25.16,25.16,25.16,25.16,000,12.407852
2007-07-20,25.18,25.18,25.15,25.16,900,12.407852
2007-07-19,25.15,25.15,25.15,25.15,000,12.40292
2007-07-18,25.15,25.15,25.15,25.15,000,12.40292
2007-07-17,25.15,25.15,25.15,25.15,100,12.40292
2007-07-16,25.129999,25.129999,25.129999,25.129999,000,12.393057
2007-07-13,25.18,25.18,25.129999,25.129999,700,12.393057
2007-07-12,25.18,25.18,25.15,25.15,500,12.40292
2007-07-11,25.120001,25.120001,25.120001,25.120001,200,12.388126
2007-07-10,25.17,25.17,25.17,25.17,000,12.412783
2007-07-09,25.209999,25.209999,25.129999,25.17,700,12.412783
2007-07-06,25.24,26.24,25.24,26.24,700,12.940462
2007-07-05,25.02,25.07,25.02,25.07,300,12.363467
2007-07-03,24.90,24.90,24.90,24.90,000,12.279631
2007-07-02,24.90,24.90,24.90,24.90,000,12.279631
2007-06-29,24.90,24.90,24.90,24.90,000,12.279631
2007-06-28,24.90,24.90,24.90,24.90,000,12.279631
2007-06-27,25.299999,25.33,24.90,24.90,1200,12.279631
2007-06-26,25.42,25.43,25.42,25.43,800,12.280617
2007-06-25,25.41,25.41,25.41,25.41,000,12.270958
2007-06-22,25.41,25.41,25.41,25.41,000,12.270958
2007-06-21,25.41,25.41,25.41,25.41,700,12.270958
2007-06-20,25.43,25.43,25.43,25.43,000,12.280617
2007-06-19,25.43,25.43,25.43,25.43,000,12.280617
2007-06-18,25.43,25.43,25.43,25.43,300,12.280617
2007-06-15,25.43,25.43,25.43,25.43,300,12.280617
2007-06-14,26.25,26.25,25.440001,25.440001,700,12.285446
2007-06-13,25.40,25.43,25.40,25.40,1600,12.266129
2007-06-12,25.290001,25.290001,25.290001,25.290001,000,12.213009
2007-06-11,25.290001,25.290001,25.290001,25.290001,000,12.213009
2007-06-08,25.290001,25.290001,25.290001,25.290001,000,12.213009
2007-06-07,25.290001,25.290001,25.290001,25.290001,000,12.213009
2007-06-06,25.290001,25.290001,25.290001,25.290001,100,12.213009
2007-06-05,25.360001,25.360001,25.360001,25.360001,000,12.246813
2007-06-04,25.360001,25.360001,25.360001,25.360001,000,12.246813
2007-06-01,25.360001,25.360001,25.360001,25.360001,000,12.246813
2007-05-31,25.360001,25.360001,25.360001,25.360001,200,12.246813
2007-05-30,25.35,25.35,25.35,25.35,000,12.241983
2007-05-29,25.35,25.35,25.35,25.35,000,12.241983
2007-05-25,25.35,25.35,25.35,25.35,000,12.241983
2007-05-24,25.35,25.35,25.35,25.35,000,12.241983
2007-05-23,25.26,25.35,25.26,25.35,800,12.241983
2007-05-22,25.35,25.35,25.35,25.35,500,12.241983
2007-05-21,25.25,25.25,25.24,25.24,1300,12.188862
2007-05-18,25.24,25.24,25.24,25.24,3800,12.188862
2007-05-17,25.26,25.26,25.24,25.24,5400,12.188862
2007-05-16,25.24,25.24,25.24,25.24,300,12.188862
2007-05-15,25.299999,25.299999,25.219999,25.219999,500,12.179204
2007-05-14,25.299999,25.299999,25.299999,25.299999,400,12.217837
2007-05-11,25.389999,25.389999,25.389999,25.389999,000,12.2613
2007-05-10,25.389999,25.389999,25.389999,25.389999,100,12.2613
2007-05-09,25.209999,25.389999,25.209999,25.389999,1100,12.2613
2007-05-08,25.200001,25.200001,25.200001,25.200001,1000,12.169546
2007-05-07,25.299999,25.299999,25.299999,25.299999,000,12.217837
2007-05-04,25.299999,25.299999,25.299999,25.299999,100,12.217837
2007-05-03,25.24,25.24,25.190001,25.190001,1800,12.164717
2007-05-02,25.290001,25.290001,25.290001,25.290001,200,12.213009
2007-05-01,25.280001,25.280001,25.280001,25.280001,000,12.208179
2007-04-30,25.280001,25.280001,25.280001,25.280001,000,12.208179
2007-04-27,25.280001,25.280001,25.280001,25.280001,000,12.208179
2007-04-26,25.280001,25.280001,25.280001,25.280001,200,12.208179
2007-04-25,25.23,25.23,25.200001,25.200001,400,12.169546
2007-04-24,25.190001,25.190001,25.190001,25.190001,000,12.164717
2007-04-23,25.190001,25.190001,25.190001,25.190001,000,12.164717
2007-04-20,25.190001,25.190001,25.190001,25.190001,000,12.164717
2007-04-19,25.190001,25.190001,25.190001,25.190001,000,12.164717
2007-04-18,25.190001,25.190001,25.190001,25.190001,000,12.164717
2007-04-17,25.190001,25.190001,25.190001,25.190001,000,12.164717
2007-04-16,25.190001,25.190001,25.190001,25.190001,200,12.164717
2007-04-13,25.139999,25.139999,25.120001,25.120001,300,12.130912
2007-04-12,25.110001,25.110001,25.110001,25.110001,000,12.126083
2007-04-11,25.110001,25.110001,25.110001,25.110001,000,12.126083
2007-04-10,25.110001,25.110001,25.110001,25.110001,000,12.126083
2007-04-09,25.110001,25.110001,25.110001,25.110001,000,12.126083
2007-04-05,25.129999,25.129999,25.10,25.110001,400,12.126083
2007-04-04,25.43,25.43,25.43,25.43,000,12.280617
2007-04-03,25.43,25.43,25.43,25.43,000,12.280617
2007-04-02,25.43,25.43,25.43,25.43,000,12.280617
2007-03-30,25.43,25.43,25.43,25.43,000,12.280617
2007-03-29,25.43,25.43,25.43,25.43,000,12.280617
2007-03-28,25.43,25.43,25.43,25.43,000,12.280617
2007-03-27,25.43,25.43,25.43,25.43,600,12.025637
2007-03-26,25.42,25.42,25.42,25.42,700,12.020908
2007-03-23,26.200001,26.200001,26.200001,26.200001,000,12.389763
2007-03-22,26.200001,26.200001,26.200001,26.200001,000,12.389763
2007-03-21,25.559999,26.24,25.559999,26.200001,2900,12.389763
2007-03-20,25.540001,25.540001,25.540001,25.540001,000,12.077655
2007-03-19,25.540001,25.540001,25.540001,25.540001,300,12.077655
2007-03-16,25.48,25.48,25.48,25.48,000,12.049281
2007-03-15,25.48,25.48,25.48,25.48,000,12.049281
2007-03-14,25.48,25.48,25.48,25.48,000,12.049281
2007-03-13,25.48,25.48,25.48,25.48,000,12.049281
2007-03-12,25.48,25.48,25.48,25.48,000,12.049281
2007-03-09,25.48,25.48,25.48,25.48,100,12.049281
2007-03-08,25.50,25.50,25.50,25.50,000,12.058739
2007-03-07,25.49,25.50,25.49,25.50,600,12.058739
2007-03-06,25.26,25.26,25.26,25.26,000,11.945245
2007-03-05,25.26,25.26,25.26,25.26,000,11.945245
2007-03-02,25.26,25.26,25.26,25.26,000,11.945245
2007-03-01,25.26,25.26,25.26,25.26,000,11.945245
2007-02-28,25.26,25.26,25.26,25.26,000,11.945245
2007-02-27,25.26,25.26,25.26,25.26,000,11.945245
2007-02-26,25.26,25.26,25.26,25.26,000,11.945245
2007-02-23,25.25,25.27,25.25,25.26,700,11.945245
2007-02-22,25.389999,25.389999,25.389999,25.389999,000,12.00672
2007-02-21,25.389999,25.389999,25.389999,25.389999,100,12.00672
2007-02-20,25.280001,25.280001,25.26,25.26,300,11.945245
2007-02-16,26.24,26.24,26.24,26.24,000,12.408679
2007-02-15,26.24,26.24,26.24,26.24,000,12.408679
2007-02-14,26.25,26.25,26.24,26.24,700,12.408679
2007-02-13,25.299999,25.299999,25.200001,25.200001,300,11.916872
2007-02-12,25.41,25.41,25.209999,25.209999,400,11.9216
2007-02-09,25.200001,25.200001,25.200001,25.200001,000,11.916872
2007-02-08,25.200001,25.200001,25.200001,25.200001,000,11.916872
2007-02-07,25.200001,25.200001,25.200001,25.200001,000,11.916872
2007-02-06,25.200001,25.200001,25.200001,25.200001,000,11.916872
2007-02-05,25.200001,25.200001,25.200001,25.200001,000,11.916872
2007-02-02,25.200001,25.200001,25.200001,25.200001,200,11.916872
2007-02-01,25.200001,25.200001,25.200001,25.200001,000,11.916872
2007-01-31,25.200001,25.200001,25.200001,25.200001,000,11.916872
2007-01-30,25.200001,25.200001,25.200001,25.200001,000,11.916872
2007-01-29,25.200001,25.200001,25.200001,25.200001,000,11.916872
2007-01-26,25.200001,25.200001,25.200001,25.200001,800,11.916872
2007-01-25,25.16,25.16,25.16,25.16,000,11.897956
2007-01-24,25.16,25.16,25.16,25.16,300,11.897956
2007-01-23,25.25,25.290001,25.25,25.25,1300,11.940516
2007-01-22,25.25,25.25,25.25,25.25,300,11.940516
2007-01-19,25.200001,25.200001,25.200001,25.200001,400,11.916872
2007-01-18,25.15,25.15,25.15,25.15,000,11.893227
2007-01-17,25.110001,25.15,25.10,25.15,2400,11.893227
2007-01-16,25.10,25.10,25.10,25.10,200,11.869582
2007-01-12,25.16,25.16,25.16,25.16,300,11.897956
2007-01-11,25.10,25.10,25.08,25.08,300,11.860124
2007-01-10,25.10,25.10,25.08,25.08,700,11.860124
2007-01-09,25.09,25.10,25.08,25.08,400,11.860124
2007-01-08,25.23,25.23,25.23,25.23,000,11.931058
2007-01-05,25.23,25.23,25.23,25.23,400,11.931058
2007-01-04,25.040001,25.07,25.040001,25.07,400,11.855395
2007-01-03,25.10,25.10,25.10,25.10,000,11.869582
2006-12-29,25.10,25.10,25.10,25.10,500,11.869582
2006-12-28,26.25,26.25,25.040001,25.10,1600,11.869582
2006-12-27,25.459999,25.459999,25.459999,25.459999,000,12.039823
2006-12-26,25.459999,25.459999,25.459999,25.459999,000,12.039823
2006-12-22,25.459999,25.459999,25.459999,25.459999,000,11.790136
2006-12-21,25.459999,25.459999,25.459999,25.459999,300,11.790136
2006-12-20,25.43,25.43,25.43,25.43,200,11.776244
2006-12-19,25.43,25.43,25.43,25.43,000,11.776244
2006-12-18,25.43,25.43,25.43,25.43,000,11.776244
2006-12-15,25.43,25.43,25.43,25.43,300,11.776244
2006-12-14,25.42,25.42,25.42,25.42,000,11.771613
2006-12-13,25.42,25.42,25.42,25.42,300,11.771613
2006-12-12,25.40,25.40,25.40,25.40,000,11.762351
2006-12-11,25.40,25.40,25.40,25.40,000,11.762351
2006-12-08,25.40,25.40,25.40,25.40,200,11.762351
2006-12-07,25.370001,25.370001,25.370001,25.370001,200,11.748459
2006-12-06,25.370001,25.370001,25.370001,25.370001,300,11.748459
2006-12-05,25.33,25.33,25.33,25.33,000,11.729935
2006-12-04,25.33,25.33,25.33,25.33,000,11.729935
2006-12-01,25.33,25.33,25.33,25.33,400,11.729935
2006-11-30,25.379999,25.379999,25.370001,25.370001,300,11.748459
2006-11-29,25.34,25.34,25.34,25.34,000,11.734566
2006-11-28,25.35,25.35,25.34,25.34,600,11.734566
2006-11-27,25.25,25.25,25.25,25.25,000,11.692889
2006-11-24,25.25,25.25,25.25,25.25,000,11.692889
2006-11-22,25.25,25.25,25.25,25.25,000,11.692889
2006-11-21,25.25,25.25,25.25,25.25,000,11.692889
2006-11-20,25.25,25.25,25.25,25.25,000,11.692889
2006-11-17,25.25,25.25,25.25,25.25,000,11.692889
2006-11-16,25.280001,25.280001,25.25,25.25,500,11.692889
2006-11-15,25.18,25.18,25.18,25.18,000,11.660473
2006-11-14,25.18,25.18,25.18,25.18,200,11.660473
2006-11-13,25.18,25.18,25.18,25.18,200,11.660473
2006-11-10,25.25,25.25,25.25,25.25,000,11.692889
2006-11-09,25.25,25.25,25.25,25.25,1000,11.692889
2006-11-08,25.16,25.16,25.16,25.16,000,11.651211
2006-11-07,25.16,25.16,25.16,25.16,000,11.651211
2006-11-06,25.16,25.16,25.16,25.16,000,11.651211
2006-11-03,25.16,25.16,25.16,25.16,200,11.651211
2006-11-02,25.16,25.16,25.16,25.16,100,11.651211
2006-11-01,25.18,25.290001,25.16,25.16,300,11.651211
2006-10-31,25.139999,25.16,25.139999,25.16,700,11.651211
2006-10-30,25.129999,25.129999,25.129999,25.129999,100,11.637318
2006-10-27,25.18,25.18,25.18,25.18,000,11.660473
2006-10-26,25.18,25.18,25.18,25.18,000,11.660473
2006-10-25,25.18,25.18,25.18,25.18,000,11.660473
2006-10-24,25.18,25.18,25.18,25.18,200,11.660473
2006-10-23,25.120001,25.120001,25.08,25.08,200,11.614164
2006-10-20,25.110001,25.110001,25.059999,25.059999,600,11.604902
2006-10-19,25.200001,25.200001,25.200001,25.200001,000,11.669735
2006-10-18,25.200001,25.200001,25.200001,25.200001,000,11.669735
2006-10-17,25.200001,25.200001,25.200001,25.200001,000,11.669735
2006-10-16,25.15,25.200001,25.15,25.200001,300,11.669735
2006-10-13,25.059999,25.059999,25.059999,25.059999,500,11.604902
2006-10-12,25.10,25.10,25.08,25.08,300,11.614164
2006-10-11,25.15,25.15,25.15,25.15,000,11.64658
2006-10-10,25.15,25.15,25.15,25.15,1000,11.64658
2006-10-09,25.24,25.24,25.24,25.24,000,11.688258
2006-10-06,25.24,25.24,25.24,25.24,000,11.688258
2006-10-05,25.24,25.24,25.24,25.24,000,11.688258
2006-10-04,25.24,25.24,25.24,25.24,300,11.688258
2006-10-03,25.15,25.15,25.15,25.15,1000,11.64658
2006-10-02,25.10,25.10,25.10,25.10,000,11.623426
2006-09-29,25.10,25.10,25.10,25.10,500,11.623426
2006-09-28,25.459999,25.459999,25.459999,25.459999,000,11.790136
2006-09-27,25.459999,25.459999,25.459999,25.459999,000,11.790136
2006-09-26,25.459999,25.459999,25.459999,25.459999,200,11.545627
2006-09-25,25.440001,25.440001,25.440001,25.440001,000,11.536558
2006-09-22,25.440001,25.440001,25.440001,25.440001,700,11.536558
2006-09-21,25.360001,25.360001,25.360001,25.360001,000,11.50028
2006-09-20,25.360001,25.360001,25.360001,25.360001,000,11.50028
2006-09-19,25.360001,25.360001,25.360001,25.360001,000,11.50028
2006-09-18,25.360001,25.360001,25.360001,25.360001,000,11.50028
2006-09-15,25.360001,25.360001,25.360001,25.360001,000,11.50028
2006-09-14,25.360001,25.360001,25.360001,25.360001,000,11.50028
2006-09-13,25.360001,25.360001,25.360001,25.360001,000,11.50028
2006-09-12,25.360001,25.360001,25.360001,25.360001,200,11.50028
2006-09-11,25.35,25.360001,25.35,25.360001,600,11.50028
2006-09-08,25.290001,25.290001,25.290001,25.290001,000,11.468536
2006-09-07,25.290001,25.290001,25.290001,25.290001,000,11.468536
2006-09-06,25.290001,25.290001,25.290001,25.290001,200,11.468536
2006-09-05,25.299999,25.299999,25.299999,25.299999,000,11.47307
2006-09-01,25.32,25.32,25.299999,25.299999,200,11.47307
2006-08-31,25.35,25.35,25.35,25.35,000,11.495745
2006-08-30,25.26,25.35,25.26,25.35,1300,11.495745
2006-08-29,25.290001,25.299999,25.290001,25.290001,700,11.468536
2006-08-28,25.290001,25.290001,25.290001,25.290001,000,11.468536
2006-08-25,25.299999,25.299999,25.290001,25.290001,400,11.468536
2006-08-24,25.299999,25.299999,25.299999,25.299999,000,11.47307
2006-08-23,25.299999,25.299999,25.299999,25.299999,000,11.47307
2006-08-22,25.27,25.299999,25.27,25.299999,400,11.47307
2006-08-21,25.290001,25.290001,25.290001,25.290001,000,11.468536
2006-08-18,25.290001,25.290001,25.290001,25.290001,000,11.468536
2006-08-17,25.290001,25.290001,25.290001,25.290001,1500,11.468536
2006-08-16,25.26,25.379999,25.26,25.379999,500,11.509349
2006-08-15,25.450001,25.450001,25.450001,25.450001,000,11.541093
2006-08-14,25.43,25.450001,25.43,25.450001,1400,11.541093
2006-08-11,25.43,25.43,25.43,25.43,000,11.532023
2006-08-10,25.450001,25.450001,25.43,25.43,600,11.532023
2006-08-09,25.43,25.43,25.43,25.43,000,11.532023
2006-08-08,25.450001,25.450001,25.43,25.43,700,11.532023
2006-08-07,25.440001,25.450001,25.25,25.25,1400,11.450396
2006-08-04,25.40,25.40,25.200001,25.200001,400,11.427723
2006-08-03,25.17,25.17,25.17,25.17,200,11.414118
2006-08-02,25.35,25.35,25.35,25.35,000,11.495745
2006-08-01,25.35,25.35,25.35,25.35,000,11.495745
2006-07-31,25.35,25.35,25.35,25.35,000,11.495745
2006-07-28,25.35,25.35,25.35,25.35,000,11.495745
2006-07-27,25.34,25.35,25.34,25.35,1200,11.495745
2006-07-26,25.15,25.15,25.15,25.15,000,11.405048
2006-07-25,25.15,25.15,25.15,25.15,200,11.405048
2006-07-24,25.23,25.23,25.23,25.23,000,11.441327
2006-07-21,25.23,25.23,25.23,25.23,800,11.441327
2006-07-20,25.25,25.25,25.25,25.25,000,11.450396
2006-07-19,25.25,25.25,25.25,25.25,300,11.450396
2006-07-18,25.200001,25.209999,25.200001,25.209999,500,11.432257
2006-07-17,25.200001,25.200001,25.200001,25.200001,000,11.427723
2006-07-14,25.200001,25.200001,25.200001,25.200001,400,11.427723
2006-07-13,25.209999,25.209999,25.209999,25.209999,000,11.432257
2006-07-12,25.200001,25.209999,25.200001,25.209999,300,11.432257
2006-07-11,25.209999,25.209999,25.209999,25.209999,000,11.432257
2006-07-10,25.200001,25.209999,25.200001,25.209999,400,11.432257
2006-07-07,25.200001,25.200001,25.200001,25.200001,000,11.427723
2006-07-06,25.200001,25.200001,25.200001,25.200001,100,11.427723
2006-07-05,25.200001,25.200001,25.200001,25.200001,000,11.427723
2006-07-03,25.120001,25.200001,25.120001,25.200001,500,11.427723
2006-06-30,25.00,25.00,25.00,25.00,000,11.337026
2006-06-29,25.00,25.00,25.00,25.00,000,11.337026
2006-06-28,25.23,25.23,25.00,25.00,3800,11.337026
2006-06-27,25.309999,25.309999,25.309999,25.309999,1700,11.238167
2006-06-26,25.25,25.25,25.25,25.25,000,11.211526
2006-06-23,25.25,25.25,25.25,25.25,000,11.211526
2006-06-22,25.26,25.26,25.25,25.25,600,11.211526
2006-06-21,25.26,25.26,25.26,25.26,200,11.215966
2006-06-20,25.26,25.26,25.26,25.26,000,11.215966
2006-06-19,25.26,25.26,25.26,25.26,100,11.215966
2006-06-16,25.469999,25.469999,25.469999,25.469999,000,11.30921
2006-06-15,25.469999,25.469999,25.469999,25.469999,100,11.30921
2006-06-14,25.25,25.25,25.25,25.25,000,11.211526
2006-06-13,25.25,25.25,25.25,25.25,200,11.211526
2006-06-12,25.25,25.25,25.25,25.25,000,11.211526
2006-06-09,25.25,25.25,25.25,25.25,000,11.211526
2006-06-08,25.25,25.25,25.25,25.25,000,11.211526
2006-06-07,25.25,25.25,25.25,25.25,000,11.211526
2006-06-06,25.25,25.25,25.25,25.25,000,11.211526
2006-06-05,25.25,25.25,25.25,25.25,000,11.211526
2006-06-02,25.25,25.25,25.25,25.25,000,11.211526
2006-06-01,25.25,25.25,25.25,25.25,000,11.211526
2006-05-31,25.25,25.25,25.25,25.25,800,11.211526
2006-05-30,25.219999,25.219999,25.219999,25.219999,000,11.198205
2006-05-26,25.23,25.23,25.219999,25.219999,400,11.198205
2006-05-25,25.23,25.23,25.17,25.18,700,11.180445
2006-05-24,25.219999,25.219999,25.219999,25.219999,000,11.198205
2006-05-23,25.219999,25.219999,25.219999,25.219999,000,11.198205
2006-05-22,25.219999,25.219999,25.219999,25.219999,000,11.198205
2006-05-19,25.219999,25.219999,25.219999,25.219999,300,11.198205
2006-05-18,25.65,25.65,25.65,25.65,000,11.389134
2006-05-17,25.25,25.65,25.25,25.65,500,11.389134
2006-05-16,25.26,25.26,25.26,25.26,100,11.215966
2006-05-15,25.23,25.23,25.23,25.23,000,11.202646
2006-05-12,25.23,25.23,25.23,25.23,000,11.202646
2006-05-11,25.23,25.23,25.23,25.23,000,11.202646
2006-05-10,25.23,25.23,25.23,25.23,400,11.202646
2006-05-09,25.26,25.26,25.26,25.26,000,11.215966
2006-05-08,25.26,25.26,25.26,25.26,000,11.215966
2006-05-05,25.26,25.26,25.26,25.26,400,11.215966
2006-05-04,25.25,25.25,25.25,25.25,000,11.211526
2006-05-03,25.25,25.25,25.25,25.25,400,11.211526
2006-05-02,25.50,25.50,25.25,25.25,400,11.211526
2006-05-01,25.459999,25.459999,25.459999,25.459999,000,11.30477
2006-04-28,25.459999,25.459999,25.459999,25.459999,400,11.30477
2006-04-27,25.23,25.23,25.23,25.23,000,11.202646
2006-04-26,25.23,25.23,25.23,25.23,000,11.202646
2006-04-25,25.23,25.23,25.23,25.23,600,11.202646
2006-04-24,25.23,25.23,25.23,25.23,200,11.202646
2006-04-21,25.219999,25.219999,25.219999,25.219999,000,11.198205
2006-04-20,25.219999,25.219999,25.219999,25.219999,000,11.198205
2006-04-19,25.219999,25.219999,25.219999,25.219999,000,11.198205
2006-04-18,25.219999,25.219999,25.219999,25.219999,200,11.198205
2006-04-17,25.16,25.16,25.16,25.16,200,11.171564
2006-04-13,25.15,25.15,25.15,25.15,000,11.167124
2006-04-12,25.15,25.15,25.15,25.15,000,11.167124
2006-04-11,25.15,25.15,25.15,25.15,000,11.167124
2006-04-10,25.15,25.15,25.15,25.15,200,11.167124
2006-04-07,25.01,25.01,25.01,25.01,000,11.104961
2006-04-06,25.01,25.01,25.01,25.01,000,11.104961
2006-04-05,25.01,25.01,25.01,25.01,000,11.104961
2006-04-04,25.01,25.01,25.01,25.01,000,11.104961
2006-04-03,25.01,25.01,25.01,25.01,200,11.104961
2006-03-31,25.50,25.50,25.50,25.50,1800,11.322531
2006-03-30,25.389999,25.389999,25.389999,25.389999,000,11.273689
2006-03-29,25.389999,25.389999,25.389999,25.389999,000,11.273689
2006-03-28,25.389999,25.389999,25.389999,25.389999,3100,11.273689
2006-03-27,25.469999,25.469999,25.469999,25.469999,000,11.074767
2006-03-24,25.469999,25.469999,25.469999,25.469999,000,11.074767
2006-03-23,25.469999,25.469999,25.469999,25.469999,000,11.074767
2006-03-22,25.469999,25.469999,25.469999,25.469999,000,11.074767
2006-03-21,25.469999,25.469999,25.469999,25.469999,400,11.074767
2006-03-20,25.469999,25.469999,25.469999,25.469999,000,11.074767
2006-03-17,25.469999,25.469999,25.469999,25.469999,000,11.074767
2006-03-16,25.469999,25.469999,25.469999,25.469999,000,11.074767
2006-03-15,25.469999,25.469999,25.469999,25.469999,000,11.074767
2006-03-14,25.469999,25.469999,25.469999,25.469999,200,11.074767
2006-03-13,25.40,25.40,25.40,25.40,200,11.04433
2006-03-10,25.49,25.49,25.49,25.49,000,11.083464
2006-03-09,25.49,25.49,25.49,25.49,000,11.083464
2006-03-08,25.49,25.49,25.49,25.49,000,11.083464
2006-03-07,25.389999,25.49,25.389999,25.49,400,11.083464
2006-03-06,25.389999,25.389999,25.389999,25.389999,000,11.039982
2006-03-03,25.40,25.40,25.389999,25.389999,700,11.039982
2006-03-02,25.370001,25.370001,25.370001,25.370001,000,11.031286
2006-03-01,25.370001,25.370001,25.370001,25.370001,000,11.031286
2006-02-28,25.370001,25.370001,25.370001,25.370001,200,11.031286
2006-02-27,25.370001,25.370001,25.370001,25.370001,000,11.031286
2006-02-24,25.370001,25.370001,25.370001,25.370001,200,11.031286
2006-02-23,25.49,25.49,25.49,25.49,000,11.083464
2006-02-22,25.49,25.49,25.49,25.49,000,11.083464
2006-02-21,25.49,25.49,25.49,25.49,000,11.083464
2006-02-17,25.49,25.49,25.49,25.49,400,11.083464
2006-02-16,25.280001,25.280001,25.280001,25.280001,200,10.992153
2006-02-15,25.50,25.50,25.50,25.50,000,11.087812
2006-02-14,25.50,25.50,25.50,25.50,000,11.087812
2006-02-13,25.50,25.50,25.50,25.50,300,11.087812
2006-02-10,25.450001,25.450001,25.450001,25.450001,500,11.066071
2006-02-09,25.35,25.35,25.35,25.35,000,11.02259
2006-02-08,25.35,25.35,25.35,25.35,000,11.02259
2006-02-07,25.35,25.35,25.35,25.35,100,11.02259
2006-02-06,25.219999,25.280001,25.219999,25.280001,500,10.992153
2006-02-03,25.280001,25.280001,25.280001,25.280001,000,10.992153
2006-02-02,25.309999,25.309999,25.280001,25.280001,400,10.992153
2006-02-01,25.27,25.299999,25.26,25.299999,600,11.000848
2006-01-31,25.27,25.27,25.27,25.27,200,10.987804
2006-01-30,25.280001,25.280001,25.280001,25.280001,000,10.992153
2006-01-27,25.27,25.280001,25.27,25.280001,800,10.992153
2006-01-26,25.27,25.27,25.27,25.27,1800,10.987804
2006-01-25,25.25,25.25,25.25,25.25,000,10.979108
2006-01-24,25.559999,25.559999,25.25,25.25,2700,10.979108
2006-01-23,25.25,25.25,25.25,25.25,000,10.979108
2006-01-20,25.24,25.25,25.24,25.25,700,10.979108
2006-01-19,25.209999,25.209999,25.209999,25.209999,000,10.961715
2006-01-18,25.209999,25.209999,25.209999,25.209999,200,10.961715
2006-01-17,25.49,25.49,25.49,25.49,000,11.083464
2006-01-13,25.49,25.49,25.49,25.49,000,11.083464
2006-01-12,25.49,25.49,25.49,25.49,600,11.083464
2006-01-11,25.110001,25.110001,25.110001,25.110001,000,10.918234
2006-01-10,25.110001,25.110001,25.110001,25.110001,000,10.918234
2006-01-09,25.110001,25.110001,25.110001,25.110001,000,10.918234
2006-01-06,25.110001,25.110001,25.110001,25.110001,000,10.918234
2006-01-05,25.110001,25.110001,25.110001,25.110001,200,10.918234
2006-01-04,25.360001,25.360001,25.360001,25.360001,000,11.026938
2006-01-03,25.360001,25.360001,25.360001,25.360001,200,11.026938
2005-12-30,25.10,25.10,25.10,25.10,400,10.913886
2005-12-29,25.00,25.00,25.00,25.00,600,10.870404
2005-12-28,25.389999,25.389999,25.389999,25.389999,000,11.039982
2005-12-27,25.40,25.40,25.379999,25.389999,1200,10.810399
2005-12-23,25.74,25.74,25.74,25.74,200,10.95942
2005-12-22,25.60,25.60,25.60,25.60,000,10.899812
2005-12-21,25.60,25.60,25.60,25.60,000,10.899812
2005-12-20,25.60,25.60,25.60,25.60,200,10.899812
2005-12-19,25.290001,25.290001,25.290001,25.290001,000,10.767822
2005-12-16,25.290001,25.290001,25.290001,25.290001,400,10.767822
2005-12-15,25.27,25.27,25.27,25.27,000,10.759306
2005-12-14,25.27,25.27,25.27,25.27,000,10.759306
2005-12-13,25.65,25.65,25.27,25.27,500,10.759306
2005-12-12,25.450001,26.15,25.34,25.34,1200,10.78911
2005-12-09,25.26,25.26,25.24,25.24,200,10.746533
2005-12-08,25.24,25.24,25.24,25.24,000,10.746533
2005-12-07,25.26,25.49,25.219999,25.24,3500,10.746533
2005-12-06,25.26,25.26,25.26,25.26,000,10.755049
2005-12-05,25.26,25.26,25.26,25.26,100,10.755049
2005-12-02,25.25,25.25,25.25,25.25,100,10.750791
2005-12-01,25.219999,25.219999,25.219999,25.219999,000,10.738017
2005-11-30,25.219999,25.219999,25.219999,25.219999,100,10.738017
2005-11-29,25.16,25.209999,25.16,25.209999,800,10.733759
2005-11-28,25.709999,25.709999,25.200001,25.200001,1200,10.729502
2005-11-25,25.209999,25.209999,25.209999,25.209999,000,10.733759
2005-11-23,25.209999,25.209999,25.209999,25.209999,000,10.733759
2005-11-22,25.209999,25.209999,25.209999,25.209999,000,10.733759
2005-11-21,25.209999,25.209999,25.209999,25.209999,200,10.733759
2005-11-18,25.200001,25.200001,25.200001,25.200001,000,10.729502
2005-11-17,25.200001,25.200001,25.200001,25.200001,000,10.729502
2005-11-16,25.299999,25.299999,25.200001,25.200001,2900,10.729502
2005-11-15,25.299999,25.299999,25.219999,25.219999,400,10.738017
2005-11-14,25.209999,25.209999,25.200001,25.200001,400,10.729502
2005-11-11,25.209999,25.209999,25.209999,25.209999,700,10.733759
2005-11-10,25.200001,25.200001,25.200001,25.200001,300,10.729502
2005-11-09,25.200001,25.200001,25.200001,25.200001,000,10.729502
2005-11-08,25.200001,25.200001,25.200001,25.200001,000,10.729502
2005-11-07,25.280001,25.280001,25.200001,25.200001,300,10.729502
2005-11-04,25.200001,25.209999,25.200001,25.200001,600,10.729502
2005-11-03,25.200001,25.219999,25.200001,25.219999,800,10.738017
2005-11-02,25.200001,25.200001,25.200001,25.200001,400,10.729502
2005-11-01,25.299999,25.299999,25.16,25.200001,3900,10.729502
2005-10-31,25.299999,25.299999,25.299999,25.299999,800,10.772079
2005-10-28,25.299999,25.299999,25.299999,25.299999,000,10.772079
2005-10-27,25.25,25.299999,25.25,25.299999,500,10.772079
2005-10-26,25.10,25.25,25.10,25.25,700,10.750791
2005-10-25,25.110001,25.110001,25.110001,25.110001,000,10.691183
2005-10-24,25.110001,25.110001,25.110001,25.110001,000,10.691183
2005-10-21,25.15,25.25,25.049999,25.110001,7300,10.691183
2005-10-20,25.25,25.25,25.15,25.15,500,10.708213
2005-10-19,25.219999,25.219999,25.110001,25.219999,6300,10.738017
2005-10-18,25.129999,25.129999,25.129999,25.129999,000,10.699697
2005-10-17,25.219999,25.219999,25.129999,25.129999,8300,10.699697
2005-10-14,25.10,25.10,25.10,25.10,000,10.686925
2005-10-13,25.10,25.219999,25.10,25.10,2600,10.686925
2005-10-12,25.059999,25.059999,25.059999,25.059999,300,10.669893
2005-10-11,25.15,25.15,25.15,25.15,000,10.708213
2005-10-10,25.200001,25.219999,25.15,25.15,7900,10.708213
2005-10-07,25.23,25.23,25.23,25.23,000,10.742275
2005-10-06,25.23,25.23,25.23,25.23,000,10.742275
2005-10-05,25.23,25.23,25.23,25.23,000,10.742275
2005-10-04,25.299999,25.299999,25.00,25.23,500,10.742275
2005-10-03,25.10,25.200001,24.950001,25.200001,3500,10.729502
2005-09-30,24.940001,24.940001,24.940001,24.940001,400,10.618801
2005-09-29,24.93,24.93,24.93,24.93,400,10.614543
2005-09-28,25.40,25.40,25.40,25.40,000,10.814657
2005-09-27,25.40,25.40,25.40,25.40,000,10.814657
2005-09-26,25.450001,25.450001,25.40,25.40,700,10.589848
2005-09-23,25.42,25.42,25.42,25.42,000,10.598187
2005-09-22,25.42,25.42,25.42,25.42,000,10.598187
2005-09-21,25.360001,25.42,25.360001,25.42,500,10.598187
2005-09-20,25.50,25.50,25.50,25.50,000,10.631541
2005-09-19,25.50,25.50,25.50,25.50,000,10.631541
2005-09-16,25.50,25.50,25.50,25.50,000,10.631541
2005-09-15,25.50,25.50,25.50,25.50,000,10.631541
2005-09-14,25.50,25.50,25.50,25.50,000,10.631541
2005-09-13,25.50,25.50,25.50,25.50,300,10.631541
2005-09-12,25.50,25.50,25.50,25.50,000,10.631541
2005-09-09,25.50,25.50,25.50,25.50,000,10.631541
2005-09-08,25.219999,25.50,25.219999,25.50,300,10.631541
2005-09-07,25.84,25.84,25.50,25.50,700,10.631541
2005-09-06,25.85,25.85,25.50,25.50,500,10.631541
2005-09-02,25.60,25.60,25.50,25.50,500,10.631541
2005-09-01,25.60,25.60,25.50,25.50,300,10.631541
2005-08-31,25.50,25.50,25.50,25.50,1100,10.631541
2005-08-30,25.309999,25.32,25.309999,25.309999,800,10.552325
2005-08-29,25.309999,25.309999,25.309999,25.309999,200,10.552325
2005-08-26,25.309999,25.309999,25.309999,25.309999,100,10.552325
2005-08-25,25.35,25.35,25.35,25.35,000,10.569002
2005-08-24,25.35,25.35,25.34,25.35,800,10.569002
2005-08-23,25.280001,25.280001,25.280001,25.280001,000,10.539818
2005-08-22,25.34,25.35,25.280001,25.280001,1600,10.539818
2005-08-19,25.290001,25.290001,25.280001,25.280001,3600,10.539818
2005-08-18,25.299999,25.34,25.280001,25.290001,1200,10.543987
2005-08-17,25.26,25.26,25.26,25.26,000,10.531479
2005-08-16,25.26,25.26,25.26,25.26,000,10.531479
2005-08-15,25.26,25.26,25.26,25.26,000,10.531479
2005-08-12,25.26,25.26,25.26,25.26,200,10.531479
2005-08-11,25.35,25.35,25.26,25.26,300,10.531479
2005-08-10,25.26,25.26,25.26,25.26,000,10.531479
2005-08-09,25.26,25.26,25.26,25.26,300,10.531479
2005-08-08,25.25,25.25,25.25,25.25,000,10.52731
2005-08-05,25.25,25.25,25.25,25.25,300,10.52731
2005-08-04,25.25,25.25,25.25,25.25,400,10.52731
2005-08-03,25.25,25.25,25.25,25.25,000,10.52731
2005-08-02,25.24,25.25,25.24,25.25,300,10.52731
2005-08-01,25.23,25.25,25.23,25.25,600,10.52731
2005-07-29,25.309999,25.309999,25.309999,25.309999,300,10.552325
2005-07-28,25.549999,25.549999,25.40,25.40,200,10.589848
2005-07-27,25.40,25.40,25.40,25.40,000,10.589848
2005-07-26,25.40,25.40,25.40,25.40,1000,10.589848
2005-07-25,25.309999,25.309999,25.309999,25.309999,000,10.552325
2005-07-22,25.25,25.309999,25.25,25.309999,400,10.552325
2005-07-21,25.23,25.23,25.23,25.23,000,10.518971
2005-07-20,25.23,25.23,25.23,25.23,000,10.518971
2005-07-19,25.23,25.23,25.23,25.23,000,10.518971
2005-07-18,25.23,25.23,25.23,25.23,000,10.518971
2005-07-15,25.23,25.23,25.23,25.23,000,10.518971
2005-07-14,25.23,25.23,25.23,25.23,000,10.518971
2005-07-13,25.219999,25.23,25.219999,25.23,700,10.518971
2005-07-12,25.17,25.17,25.17,25.17,000,10.493956
2005-07-11,25.17,25.17,25.17,25.17,000,10.493956
2005-07-08,25.15,25.17,25.15,25.17,7600,10.493956
2005-07-07,25.120001,25.129999,25.120001,25.129999,3100,10.477279
2005-07-06,25.16,25.16,25.16,25.16,000,10.489787
2005-07-05,25.10,25.25,25.10,25.16,1400,10.489787
2005-07-01,25.08,25.16,25.08,25.16,400,10.489787
2005-06-30,25.60,25.60,25.07,25.07,3800,10.452264
2005-06-29,25.549999,25.549999,25.549999,25.549999,100,10.652387
2005-06-28,25.700001,25.700001,25.50,25.50,500,10.631541
2005-06-27,25.549999,25.549999,25.549999,25.549999,000,10.652387
2005-06-24,25.549999,25.549999,25.549999,25.549999,600,10.432251
2005-06-23,25.90,25.90,25.90,25.90,000,10.575159
2005-06-22,25.90,25.90,25.90,25.90,000,10.575159
2005-06-21,25.90,25.90,25.90,25.90,200,10.575159
2005-06-20,25.68,26.00,25.68,26.00,400,10.615989
2005-06-17,25.48,25.48,25.48,25.48,000,10.403669
2005-06-16,25.48,25.48,25.48,25.48,000,10.403669
2005-06-15,25.68,25.68,25.48,25.48,800,10.403669
2005-06-14,25.42,25.42,25.42,25.42,000,10.379171
2005-06-13,25.42,25.42,25.42,25.42,000,10.379171
2005-06-10,25.42,25.42,25.42,25.42,200,10.379171
2005-06-09,25.41,25.41,25.41,25.41,400,10.375088
2005-06-08,25.549999,25.549999,25.50,25.50,3500,10.411836
2005-06-07,25.469999,25.469999,25.469999,25.469999,000,10.399586
2005-06-06,25.469999,25.469999,25.469999,25.469999,300,10.399586
2005-06-03,25.370001,25.370001,25.370001,25.370001,000,10.358756
2005-06-02,25.370001,25.370001,25.370001,25.370001,000,10.358756
2005-06-01,25.370001,25.370001,25.370001,25.370001,600,10.358756
2005-05-31,25.450001,25.450001,25.379999,25.379999,600,10.362839
2005-05-27,25.379999,25.379999,25.379999,25.379999,100,10.362839
2005-05-26,25.32,25.40,25.32,25.379999,1400,10.362839
2005-05-25,25.49,25.49,25.49,25.49,200,10.407753
2005-05-24,25.299999,25.299999,25.299999,25.299999,000,10.330174
2005-05-23,25.299999,25.299999,25.299999,25.299999,2200,10.330174
2005-05-20,25.450001,25.450001,25.26,25.26,1600,10.313842
2005-05-19,25.450001,25.450001,25.450001,25.450001,100,10.391421
2005-05-18,25.450001,25.450001,25.450001,25.450001,000,10.391421
2005-05-17,25.450001,25.450001,25.450001,25.450001,300,10.391421
2005-05-16,25.450001,25.450001,25.450001,25.450001,000,10.391421
2005-05-13,25.450001,25.450001,25.450001,25.450001,200,10.391421
2005-05-12,25.450001,25.450001,25.450001,25.450001,300,10.391421
2005-05-11,25.299999,25.299999,25.299999,25.299999,000,10.330174
2005-05-10,25.299999,25.299999,25.299999,25.299999,000,10.330174
2005-05-09,25.299999,25.299999,25.299999,25.299999,1500,10.330174
2005-05-06,25.299999,25.299999,25.299999,25.299999,3200,10.330174
2005-05-05,25.26,25.26,25.26,25.26,300,10.313842
2005-05-04,25.25,25.25,25.25,25.25,500,10.309759
2005-05-03,25.25,25.25,25.25,25.25,000,10.309759
2005-05-02,25.25,25.25,25.25,25.25,000,10.309759
2005-04-29,25.25,25.25,25.25,25.25,200,10.309759
2005-04-28,25.34,25.34,25.25,25.25,400,10.309759
2005-04-27,25.50,25.50,25.459999,25.459999,200,10.395503
2005-04-26,25.50,25.50,25.43,25.43,500,10.383254
2005-04-25,25.200001,25.299999,25.16,25.16,700,10.273011
2005-04-22,25.219999,25.219999,25.16,25.16,1100,10.273011
2005-04-21,25.15,25.15,25.15,25.15,900,10.268928
2005-04-20,25.120001,25.25,25.120001,25.25,600,10.309759
2005-04-19,25.24,25.24,25.24,25.24,200,10.305676
2005-04-18,25.09,25.24,25.09,25.24,300,10.305676
2005-04-15,25.07,25.07,25.07,25.07,000,10.236263
2005-04-14,25.15,25.24,25.059999,25.07,1000,10.236263
2005-04-13,25.10,25.10,25.10,25.10,1000,10.248513
2005-04-12,25.10,25.10,25.10,25.10,000,10.248513
2005-04-11,25.10,25.10,25.10,25.10,200,10.248513
2005-04-08,25.120001,25.120001,25.120001,25.120001,000,10.256679
2005-04-07,25.17,25.17,25.120001,25.120001,700,10.256679
2005-04-06,25.110001,25.110001,25.110001,25.110001,000,10.252596
2005-04-05,25.459999,25.459999,25.110001,25.110001,400,10.252596
2005-04-04,25.10,25.129999,25.10,25.10,700,10.248513
2005-04-01,25.110001,25.110001,25.110001,25.110001,000,10.252596
2005-03-31,25.190001,25.190001,25.110001,25.110001,400,10.252596
2005-03-30,25.530001,25.530001,25.530001,25.530001,000,10.424085
2005-03-29,25.530001,25.530001,25.530001,25.530001,000,10.424085
2005-03-28,25.530001,25.530001,25.530001,25.530001,000,10.424085
2005-03-24,25.530001,25.530001,25.530001,25.530001,000,10.208499
2005-03-23,25.530001,25.530001,25.530001,25.530001,000,10.208499
2005-03-22,25.530001,25.530001,25.530001,25.530001,000,10.208499
2005-03-21,25.530001,25.530001,25.530001,25.530001,000,10.208499
2005-03-18,25.75,25.75,25.530001,25.530001,200,10.208499
2005-03-17,25.450001,25.860001,25.450001,25.860001,500,10.340454
2005-03-16,25.549999,26.00,25.549999,26.00,3600,10.396434
2005-03-15,25.450001,25.450001,25.450001,25.450001,700,10.17651
2005-03-14,25.440001,25.440001,25.440001,25.440001,000,10.172511
2005-03-11,25.440001,25.440001,25.440001,25.440001,000,10.172511
2005-03-10,25.440001,25.50,25.440001,25.440001,1400,10.172511
2005-03-09,25.540001,25.540001,25.43,25.43,400,10.168513
2005-03-08,25.59,25.59,25.42,25.42,1200,10.164514
2005-03-07,25.440001,25.469999,25.440001,25.459999,1200,10.180508
2005-03-04,25.50,25.50,25.50,25.50,000,10.196503
2005-03-03,25.41,25.50,25.41,25.50,1000,10.196503
2005-03-02,25.450001,25.450001,25.41,25.41,1900,10.160515
2005-03-01,25.49,25.49,25.49,25.49,200,10.192504
2005-02-28,25.60,25.60,25.60,25.60,300,10.236489
2005-02-25,25.450001,25.459999,25.42,25.42,2300,10.164514
2005-02-24,25.42,25.549999,25.40,25.549999,2100,10.216496
2005-02-23,25.389999,25.41,25.389999,25.41,300,10.160515
2005-02-22,25.40,25.40,25.40,25.40,000,10.156516
2005-02-18,25.40,25.40,25.40,25.40,000,10.156516
2005-02-17,25.40,25.40,25.40,25.40,700,10.156516
2005-02-16,25.549999,25.549999,25.35,25.35,600,10.136524
2005-02-15,25.360001,25.360001,25.360001,25.360001,500,10.140522
2005-02-14,25.440001,25.549999,25.440001,25.549999,2300,10.216496
2005-02-11,25.33,25.33,25.33,25.33,200,10.128526
2005-02-10,25.280001,25.280001,25.280001,25.280001,000,10.108533
2005-02-09,25.280001,25.280001,25.280001,25.280001,300,10.108533
2005-02-08,25.440001,25.440001,25.440001,25.440001,400,10.172511
2005-02-07,25.370001,25.370001,25.370001,25.370001,000,10.144521
2005-02-04,25.370001,25.370001,25.370001,25.370001,000,10.144521
2005-02-03,25.370001,25.370001,25.370001,25.370001,000,10.144521
2005-02-02,25.370001,25.370001,25.370001,25.370001,600,10.144521
2005-02-01,25.35,25.35,25.35,25.35,000,10.136524
2005-01-31,25.35,25.35,25.35,25.35,200,10.136524
2005-01-28,25.360001,25.360001,25.360001,25.360001,900,10.140522
2005-01-27,25.549999,25.549999,25.549999,25.549999,100,10.216496
2005-01-26,25.34,25.34,25.34,25.34,000,10.132525
2005-01-25,25.34,25.34,25.34,25.34,200,10.132525
2005-01-24,25.23,25.23,25.219999,25.219999,200,10.084541
2005-01-21,25.200001,25.200001,25.200001,25.200001,000,10.076544
2005-01-20,25.200001,25.200001,25.200001,25.200001,1900,10.076544
2005-01-19,25.219999,25.219999,25.219999,25.219999,200,10.084541
2005-01-18,25.190001,25.190001,25.190001,25.190001,200,10.072546
2005-01-14,25.16,25.549999,25.16,25.549999,1700,10.216496
2005-01-13,25.16,25.26,25.16,25.26,3900,10.100536
2005-01-12,25.540001,25.540001,25.540001,25.540001,200,10.212498
2005-01-11,25.15,25.15,25.15,25.15,000,10.056551
2005-01-10,25.15,25.15,25.15,25.15,300,10.056551
2005-01-07,25.15,25.15,25.15,25.15,000,10.056551
2005-01-06,25.200001,25.200001,25.15,25.15,1800,10.056551
2005-01-05,25.26,25.51,25.120001,25.51,3600,10.200502
2005-01-04,25.26,25.26,25.26,25.26,200,10.100536
2005-01-03,25.40,25.40,25.26,25.26,300,10.100536
2004-12-31,25.389999,25.389999,25.129999,25.129999,600,10.048553
2004-12-30,25.389999,25.389999,25.389999,25.389999,000,10.152518
2004-12-29,25.15,25.389999,25.15,25.389999,500,10.152518
2004-12-28,25.41,25.41,25.41,25.41,000,10.160515
2004-12-27,25.790001,25.940001,25.790001,25.940001,1800,10.161315
2004-12-23,25.50,25.75,25.41,25.50,5000,9.988956
2004-12-22,25.51,25.52,25.51,25.52,1700,9.996791
2004-12-21,25.41,25.90,25.41,25.549999,4000,10.008542
2004-12-20,25.50,25.99,25.50,25.51,900,9.992874
2004-12-17,25.799999,25.799999,25.799999,25.799999,4500,10.106473
2004-12-16,24.49,25.99,24.49,25.99,21000,10.180901
2004-12-15,25.40,25.40,25.35,25.360001,1000,9.934115
2004-12-14,25.35,25.40,25.35,25.40,600,9.949784
2004-12-13,25.35,25.48,25.280001,25.48,1300,9.981122
2004-12-10,25.25,25.469999,25.25,25.469999,400,9.977204
2004-12-09,25.450001,25.450001,25.34,25.34,3500,9.926281
2004-12-08,25.450001,25.450001,25.450001,25.450001,000,9.969371
2004-12-07,25.450001,25.450001,25.450001,25.450001,500,9.969371
2004-12-06,25.370001,25.370001,25.370001,25.370001,000,9.938033
2004-12-03,25.370001,25.370001,25.370001,25.370001,1000,9.938033
2004-12-02,25.33,25.35,25.33,25.35,1300,9.930198
2004-12-01,25.370001,25.370001,25.370001,25.370001,200,9.938033
2004-11-30,25.389999,25.389999,25.389999,25.389999,000,9.945867
2004-11-29,25.389999,25.389999,25.389999,25.389999,000,9.945867
2004-11-26,25.389999,25.389999,25.389999,25.389999,200,9.945867
2004-11-24,25.00,25.00,25.00,25.00,600,9.793095
2004-11-23,25.23,25.379999,25.23,25.379999,1500,9.941949
2004-11-22,25.23,25.23,25.23,25.23,200,9.883191
2004-11-19,25.00,25.10,24.950001,25.10,1500,9.832267
2004-11-18,24.93,25.10,24.93,25.10,600,9.832267
2004-11-17,24.860001,25.10,24.860001,25.10,600,9.832267
2004-11-16,25.10,25.10,24.93,25.10,1100,9.832267
2004-11-15,24.90,25.25,24.90,25.25,800,9.891025
2004-11-12,25.15,25.15,24.969999,25.15,800,9.851853
2004-11-11,25.299999,25.299999,25.299999,25.299999,700,9.910611
2004-11-10,25.200001,25.200001,25.200001,25.200001,000,9.87144
2004-11-09,25.190001,25.200001,25.190001,25.200001,300,9.87144
2004-11-08,25.25,25.25,25.25,25.25,1500,9.891025
2004-11-05,25.35,25.35,25.049999,25.049999,1400,9.81268
2004-11-04,25.00,25.34,25.00,25.34,2100,9.926281
2004-11-03,25.25,25.35,25.209999,25.219999,3200,9.879274
2004-11-02,25.00,25.33,25.00,25.25,3500,9.891025
2004-11-01,25.00,25.00,25.00,25.00,700,9.793095
2004-10-29,24.889999,25.00,24.889999,25.00,800,9.793095
2004-10-28,24.90,25.129999,24.90,25.00,42600,9.793095
2004-10-27,24.90,25.00,24.90,25.00,400,9.793095
2004-10-26,24.99,24.99,24.889999,24.99,2400,9.789177
2004-10-25,25.00,25.00,25.00,25.00,200,9.793095
2004-10-22,24.940001,24.969999,24.83,24.969999,5800,9.781343
2004-10-21,24.60,24.950001,24.60,24.950001,700,9.773509
2004-10-20,24.950001,24.950001,24.879999,24.950001,1100,9.773509
2004-10-19,24.610001,24.950001,24.610001,24.950001,7200,9.773509
2004-10-18,24.75,24.85,24.60,24.85,3200,9.734336
2004-10-15,24.75,24.75,24.66,24.74,5200,9.691246
2004-10-14,24.50,24.75,24.50,24.67,3900,9.663826
2004-10-13,24.40,24.73,24.389999,24.450001,40000,9.577647
2004-10-12,24.40,24.49,24.219999,24.450001,7900,9.577647
2004-10-11,24.389999,24.48,24.360001,24.40,1100,9.55806
2004-10-08,24.49,24.49,24.25,24.389999,12900,9.554143
2004-10-07,24.370001,24.440001,24.200001,24.42,2000,9.565895
2004-10-06,24.360001,24.370001,24.360001,24.370001,1800,9.546309
2004-10-05,24.440001,24.440001,24.16,24.299999,8400,9.518888
2004-10-04,24.50,24.50,24.35,24.440001,1900,9.573729
2004-10-01,24.75,24.75,24.35,24.48,4300,9.589398
2004-09-30,24.879999,24.879999,24.75,24.75,600,9.695164
2004-09-29,24.870001,24.870001,24.870001,24.870001,000,9.742171
2004-09-28,24.219999,24.870001,24.219999,24.870001,1200,9.742171
2004-09-27,24.219999,24.90,24.219999,24.879999,3500,9.746087
2004-09-24,25.07,25.07,25.07,25.07,200,9.613685
2004-09-23,25.00,25.25,24.82,25.07,2500,9.613685
2004-09-22,25.25,25.25,25.07,25.07,900,9.613685
2004-09-21,24.860001,25.049999,24.860001,25.00,1700,9.586842
2004-09-20,24.85,24.85,24.85,24.85,400,9.529321
2004-09-17,24.700001,24.85,24.50,24.85,5200,9.529321
2004-09-16,24.77,24.77,24.74,24.74,200,9.487139
2004-09-15,24.42,24.50,24.40,24.50,900,9.395106
2004-09-14,24.50,24.50,24.50,24.50,1900,9.395106
2004-09-13,24.50,24.50,24.469999,24.469999,1100,9.383601
2004-09-10,24.50,24.50,24.40,24.50,3200,9.395106
2004-09-09,24.25,24.75,24.25,24.75,1900,9.490974
2004-09-08,24.25,24.25,24.25,24.25,1600,9.299237
2004-09-07,24.25,24.25,24.25,24.25,4700,9.299237
2004-09-03,24.15,24.25,24.15,24.25,2200,9.299237
2004-09-02,24.65,24.65,24.25,24.25,4100,9.299237
2004-09-01,24.25,24.25,24.15,24.25,5900,9.299237
2004-08-31,24.25,24.25,24.25,24.25,4900,9.299237
2004-08-30,24.25,24.25,24.17,24.25,3100,9.299237
2004-08-27,24.25,24.25,24.25,24.25,2000,9.299237
2004-08-26,24.25,24.25,24.25,24.25,000,9.299237
2004-08-25,24.25,24.25,24.190001,24.25,700,9.299237
2004-08-24,24.15,24.25,24.15,24.25,2000,9.299237
2004-08-23,24.25,24.25,24.23,24.23,500,9.291567
2004-08-20,24.15,24.25,24.15,24.25,3000,9.299237
2004-08-19,24.25,24.25,23.879999,24.00,14700,9.203369
2004-08-18,24.200001,24.25,24.200001,24.25,14300,9.299237
2004-08-17,24.25,24.25,24.25,24.25,300,9.299237
2004-08-16,24.25,24.33,24.200001,24.25,11100,9.299237
2004-08-13,24.25,24.25,24.25,24.25,1800,9.299237
2004-08-12,24.25,24.25,24.25,24.25,500,9.299237
2004-08-11,24.25,24.25,24.209999,24.25,1700,9.299237
2004-08-10,24.25,24.25,24.25,24.25,300,9.299237
2004-08-09,24.65,24.65,24.25,24.25,3400,9.299237
2004-08-06,24.25,24.25,24.25,24.25,2500,9.299237
2004-08-05,24.24,24.389999,24.24,24.35,900,9.337585
2004-08-04,24.299999,24.40,24.299999,24.35,1300,9.337585
2004-08-03,24.35,24.35,24.34,24.35,2600,9.337585
2004-08-02,24.40,24.530001,24.27,24.27,2700,9.306907
2004-07-30,24.27,24.34,24.17,24.290001,1400,9.314576
2004-07-29,24.41,24.41,24.309999,24.309999,400,9.322245
2004-07-28,24.450001,24.450001,24.450001,24.450001,400,9.375932
2004-07-27,24.450001,24.450001,24.450001,24.450001,200,9.375932
2004-07-26,24.40,24.40,24.25,24.25,4200,9.299237
2004-07-23,24.450001,24.450001,24.25,24.25,3300,9.299237
2004-07-22,24.25,24.35,24.25,24.35,800,9.337585
2004-07-21,24.34,24.35,24.33,24.34,7000,9.33375
2004-07-20,24.299999,24.299999,24.110001,24.290001,10400,9.314576
2004-07-19,24.35,24.35,24.299999,24.35,3200,9.337585
2004-07-16,24.35,24.35,24.35,24.35,1800,9.337585
2004-07-15,24.35,24.35,24.299999,24.299999,300,9.31841
2004-07-14,24.35,24.35,24.34,24.34,6400,9.33375
2004-07-13,24.40,24.40,24.27,24.27,1600,9.306907
2004-07-12,24.450001,24.450001,24.299999,24.35,8200,9.337585
2004-07-09,24.35,24.35,24.35,24.35,000,9.337585
2004-07-08,24.35,24.35,24.35,24.35,000,9.337585
2004-07-07,24.34,24.35,24.34,24.35,1800,9.337585
2004-07-06,24.67,24.67,24.639999,24.639999,700,9.448792
2004-07-02,24.639999,24.639999,24.639999,24.639999,500,9.448792
2004-07-01,24.280001,24.690001,24.25,24.25,2200,9.299237
2004-06-30,24.309999,24.50,24.27,24.27,1400,9.306907
2004-06-29,24.32,24.32,24.299999,24.299999,400,9.31841
2004-06-28,24.610001,24.610001,24.309999,24.309999,1000,9.322245
2004-06-25,24.50,24.65,24.01,24.51,3000,9.39894
2004-06-24,24.76,25.00,24.76,25.00,1800,9.384368
2004-06-23,25.049999,25.049999,24.860001,25.049999,900,9.403137
2004-06-22,24.75,24.860001,24.75,24.860001,1100,9.331816
2004-06-21,24.65,24.65,24.65,24.65,000,9.252987
2004-06-18,24.65,24.65,24.65,24.65,000,9.252987
2004-06-17,24.610001,24.65,24.60,24.65,700,9.252987
2004-06-16,24.610001,24.610001,24.52,24.52,700,9.204189
2004-06-15,24.799999,24.799999,24.75,24.75,800,9.290525
2004-06-14,24.98,24.98,24.98,24.98,800,9.376861
2004-06-10,24.790001,24.809999,24.790001,24.799999,500,9.309293
2004-06-09,24.50,24.66,24.50,24.65,1400,9.252987
2004-06-08,25.10,25.10,24.60,24.60,500,9.234219
2004-06-07,24.799999,25.00,24.75,24.860001,4300,9.331816
2004-06-04,24.860001,24.860001,24.860001,24.860001,000,9.331816
2004-06-03,24.860001,24.860001,24.860001,24.860001,000,9.331816
2004-06-02,24.860001,24.860001,24.860001,24.860001,800,9.331816
2004-06-01,25.00,25.00,25.00,25.00,000,9.384368
2004-05-28,25.00,25.00,25.00,25.00,1000,9.384368
2004-05-27,25.00,25.00,24.799999,24.799999,1800,9.309293
2004-05-26,24.75,24.75,24.75,24.75,100,9.290525
2004-05-25,24.549999,24.58,24.549999,24.58,2100,9.226711
2004-05-24,25.08,25.08,25.08,25.08,200,9.414398
2004-05-21,24.65,24.84,24.50,24.50,1800,9.196681
2004-05-20,24.700001,24.700001,24.700001,24.700001,000,9.271756
2004-05-19,24.700001,24.700001,24.700001,24.700001,400,9.271756
2004-05-18,24.709999,24.709999,24.65,24.700001,3300,9.271756
2004-05-17,24.709999,24.85,24.700001,24.85,600,9.328062
2004-05-14,24.60,24.60,24.60,24.60,000,9.234219
2004-05-13,24.799999,24.799999,24.60,24.60,1100,9.234219
2004-05-12,24.75,24.799999,24.75,24.799999,4300,9.309293
2004-05-11,24.879999,24.90,24.799999,24.879999,2900,9.339323
2004-05-10,24.879999,25.049999,24.879999,24.98,1800,9.376861
2004-05-07,24.969999,24.98,24.969999,24.98,800,9.376861
2004-05-06,24.879999,24.879999,24.879999,24.879999,1300,9.339323
2004-05-05,25.09,25.10,25.08,25.08,1000,9.414398
2004-05-04,25.10,25.10,24.90,25.09,700,9.418152
2004-05-03,25.09,25.10,25.09,25.10,700,9.421906
2004-04-30,25.09,25.09,25.01,25.01,1000,9.388122
2004-04-29,24.799999,24.799999,24.799999,24.799999,1000,9.309293
2004-04-28,24.799999,24.98,24.799999,24.98,1000,9.376861
2004-04-27,24.469999,25.00,24.469999,25.00,1700,9.384368
2004-04-26,24.629999,24.629999,24.629999,24.629999,000,9.245479
2004-04-23,24.65,24.75,24.629999,24.629999,2300,9.245479
2004-04-22,24.790001,24.790001,24.65,24.65,1500,9.252987
2004-04-21,24.66,24.879999,24.66,24.75,1100,9.290525
2004-04-20,24.90,24.90,24.85,24.85,1700,9.328062
2004-04-19,25.00,25.00,24.75,24.99,2500,9.380615
2004-04-16,25.00,25.00,25.00,25.00,000,9.384368
2004-04-15,25.00,25.00,25.00,25.00,1200,9.384368
2004-04-14,25.049999,25.049999,25.049999,25.049999,300,9.403137
2004-04-13,25.049999,25.049999,25.049999,25.049999,200,9.403137
2004-04-12,25.049999,25.049999,25.049999,25.049999,500,9.403137
2004-04-08,25.059999,25.059999,25.059999,25.059999,000,9.406891
2004-04-07,25.190001,25.190001,25.059999,25.059999,1500,9.406891
2004-04-06,25.18,25.18,25.18,25.18,500,9.451936
2004-04-05,25.00,25.00,25.00,25.00,500,9.384368
2004-04-02,25.00,25.00,25.00,25.00,000,9.384368
2004-04-01,25.00,25.00,25.00,25.00,100,9.384368
2004-03-31,25.200001,25.200001,25.200001,25.200001,1200,9.459444
2004-03-30,25.00,25.00,25.00,25.00,300,9.384368
2004-03-29,24.99,25.00,24.99,25.00,1300,9.384368
2004-03-26,24.940001,25.110001,24.940001,25.00,3500,9.384368
2004-03-25,25.200001,25.200001,25.10,25.18,6800,9.253738
2004-03-24,25.200001,25.299999,25.200001,25.200001,1500,9.261088
2004-03-23,25.030001,25.030001,25.030001,25.030001,000,9.198613
2004-03-22,25.08,25.08,25.030001,25.030001,3800,9.198613
2004-03-19,25.200001,25.200001,25.200001,25.200001,300,9.261088
2004-03-18,25.110001,25.110001,25.110001,25.110001,000,9.228013
2004-03-17,25.10,25.25,25.10,25.110001,1600,9.228013
2004-03-16,25.200001,25.200001,25.059999,25.15,8500,9.242713
2004-03-15,25.450001,25.450001,25.200001,25.200001,1000,9.261088
2004-03-12,25.15,25.15,25.15,25.15,900,9.242713
2004-03-11,25.48,25.48,25.48,25.48,200,9.363989
2004-03-10,25.15,25.49,25.049999,25.049999,2500,9.205962
2004-03-09,25.10,25.15,25.10,25.139999,3100,9.239038
2004-03-08,25.16,25.450001,25.059999,25.450001,2200,9.352964
2004-03-05,25.49,25.49,25.49,25.49,100,9.367664
2004-03-04,25.030001,25.030001,25.030001,25.030001,000,9.198613
2004-03-03,25.25,25.25,25.030001,25.030001,1800,9.198613
2004-03-02,25.030001,25.35,25.030001,25.25,4200,9.279463
2004-03-01,25.15,25.85,25.15,25.85,5600,9.499965
2004-02-27,25.25,25.25,25.25,25.25,500,9.279463
2004-02-26,25.209999,25.360001,25.15,25.16,5000,9.246388
2004-02-25,25.10,25.10,25.049999,25.049999,1200,9.205962
2004-02-24,25.02,25.10,25.02,25.030001,1600,9.198613
2004-02-23,25.90,25.90,25.190001,25.190001,2400,9.257413
2004-02-20,25.200001,25.24,25.200001,25.24,500,9.275788
2004-02-19,25.35,25.959999,25.200001,25.200001,1600,9.261088
2004-02-18,25.299999,25.42,25.01,25.01,900,9.191262
2004-02-17,25.00,25.16,25.00,25.16,1000,9.246388
2004-02-13,25.01,25.01,25.01,25.01,600,9.191262
2004-02-12,25.00,25.00,25.00,25.00,200,9.187587
2004-02-11,25.00,25.00,25.00,25.00,000,9.187587
2004-02-10,25.02,25.02,25.00,25.00,200,9.187587
2004-02-09,25.25,25.25,24.98,24.98,400,9.180237
2004-02-06,25.00,25.299999,25.00,25.299999,1500,9.297838
2004-02-05,25.42,25.42,24.99,25.00,4100,9.187587
2004-02-04,25.10,25.10,25.030001,25.030001,1300,9.198613
2004-02-03,25.01,25.10,25.01,25.10,1500,9.224338
2004-02-02,24.99,25.00,24.969999,25.00,4200,9.187587
2004-01-30,25.450001,25.700001,25.00,25.00,1300,9.187587
2004-01-29,25.10,25.10,25.10,25.10,900,9.224338
2004-01-28,25.049999,25.049999,25.00,25.00,2100,9.187587
2004-01-27,25.049999,25.049999,25.049999,25.049999,000,9.205962
2004-01-26,25.09,25.139999,25.049999,25.049999,2100,9.205962
2004-01-23,25.450001,25.450001,25.450001,25.450001,200,9.352964
2004-01-22,25.00,25.200001,25.00,25.049999,11400,9.205962
2004-01-21,25.00,25.129999,25.00,25.10,4000,9.224338
2004-01-20,24.700001,25.049999,24.700001,25.049999,6900,9.205962
2004-01-16,24.85,24.90,24.85,24.90,400,9.150837
2004-01-15,24.90,25.00,24.90,24.91,1800,9.154512
2004-01-14,24.90,25.48,24.90,25.48,4700,9.363989
2004-01-13,24.90,24.90,24.90,24.90,400,9.150837
2004-01-12,24.90,24.90,24.75,24.90,3700,9.150837
2004-01-09,24.90,24.90,24.90,24.90,400,9.150837
2004-01-08,24.50,24.90,24.50,24.90,800,9.150837
2004-01-07,24.50,24.50,24.50,24.50,2800,9.003836
2004-01-06,24.799999,24.799999,24.50,24.50,1600,9.003836
2004-01-05,24.799999,24.90,24.700001,24.90,3300,9.150837
2004-01-02,24.90,24.90,24.60,24.90,3600,9.150837
2003-12-31,24.799999,24.90,24.799999,24.799999,4000,9.114086
2003-12-30,24.40,24.799999,24.40,24.799999,10100,9.114086
2003-12-29,24.25,25.00,24.25,24.51,24500,9.007511
2003-12-26,23.85,23.85,23.85,23.85,000,8.764958
2003-12-24,25.00,25.25,24.379999,24.379999,1900,8.765693
2003-12-23,25.48,25.48,24.50,24.50,6900,8.808838
2003-12-22,24.299999,24.299999,24.200001,24.299999,1300,8.736929
2003-12-19,24.299999,24.299999,24.299999,24.299999,300,8.736929
2003-12-18,24.40,24.40,24.40,24.40,000,8.772884
2003-12-17,24.129999,24.40,24.129999,24.40,2100,8.772884
2003-12-16,24.10,24.25,24.10,24.25,1400,8.718952
2003-12-15,24.049999,24.110001,24.049999,24.110001,300,8.668616
2003-12-12,24.00,24.469999,24.00,24.469999,1100,8.798052
2003-12-11,24.00,24.23,23.50,23.50,1500,8.449294
2003-12-10,23.50,23.50,23.49,23.49,2100,8.445698
2003-12-09,23.75,24.00,23.75,24.00,1200,8.629066
2003-12-08,24.00,24.00,23.74,23.74,1000,8.535585
2003-12-05,24.00,24.00,24.00,24.00,4200,8.629066
2003-12-04,23.65,23.91,23.65,23.91,300,8.596707
2003-12-03,23.59,23.85,23.59,23.85,700,8.575135
2003-12-02,23.540001,23.969999,23.41,23.41,2500,8.416935
2003-12-01,23.639999,23.639999,23.10,23.10,2400,8.305476
2003-11-28,23.639999,23.639999,23.639999,23.639999,800,8.49963
2003-11-26,23.40,23.40,23.40,23.40,300,8.413339
2003-11-25,23.10,23.40,23.10,23.40,1300,8.413339
2003-11-24,23.540001,23.540001,22.85,23.49,2500,8.445698
2003-11-21,23.35,23.60,22.75,22.75,7600,8.179636
2003-11-20,23.35,23.35,23.35,23.35,300,8.395362
2003-11-19,23.25,23.25,23.25,23.25,2500,8.359408
2003-11-18,23.25,23.25,23.10,23.10,2400,8.305476
2003-11-17,23.10,23.469999,23.10,23.469999,1500,8.438507
2003-11-14,23.440001,23.50,23.440001,23.50,2000,8.449294
2003-11-13,23.43,23.43,23.43,23.43,200,8.424126
2003-11-12,23.00,23.42,23.00,23.10,1900,8.305476
2003-11-11,22.50,22.50,22.50,22.50,200,8.08975
2003-11-10,23.200001,23.40,23.200001,23.40,800,8.413339
2003-11-07,22.51,23.200001,22.51,23.200001,900,8.341431
2003-11-06,22.940001,23.48,22.940001,23.299999,6600,8.377385
2003-11-05,23.209999,23.49,23.00,23.49,2900,8.445698
2003-11-04,23.50,23.50,22.809999,22.809999,3200,8.201208
2003-11-03,23.41,23.50,23.35,23.50,2000,8.449294
2003-10-31,23.25,24.120001,23.25,24.120001,12700,8.672212
2003-10-30,22.950001,22.950001,22.950001,22.950001,000,8.251545
2003-10-29,23.35,23.50,22.950001,22.950001,2300,8.251545
2003-10-28,23.25,23.25,23.00,23.25,2400,8.359408
2003-10-27,22.75,23.49,22.709999,23.00,1900,8.269522
2003-10-24,22.950001,22.950001,22.75,22.75,1400,8.179636
2003-10-23,23.309999,23.309999,22.50,22.51,3100,8.093345
2003-10-22,23.50,23.50,23.049999,23.049999,1000,8.287499
2003-10-21,23.049999,23.40,22.209999,22.50,2900,8.08975
2003-10-20,23.25,23.40,23.09,23.09,1600,8.301881
2003-10-17,23.10,23.25,23.10,23.25,1000,8.359408
2003-10-16,23.00,23.25,22.75,23.25,2700,8.359408
2003-10-15,23.00,23.00,22.01,22.75,1400,8.179636
2003-10-14,23.00,23.00,23.00,23.00,200,8.269522
2003-10-13,24.00,24.00,23.50,23.50,300,8.449294
2003-10-10,22.75,23.75,22.75,23.75,1100,8.53918
2003-10-09,22.25,23.00,22.25,22.51,2300,8.093345
2003-10-08,22.00,22.25,21.52,22.059999,2600,7.93155
2003-10-07,22.00,22.01,22.00,22.01,700,7.913573
2003-10-06,21.50,21.690001,21.50,21.690001,400,7.798519
2003-10-03,21.549999,21.549999,21.549999,21.549999,000,7.748182
2003-10-02,22.50,22.50,21.00,21.549999,41800,7.748182
2003-10-01,21.75,22.50,21.75,22.49,1600,8.086154
2003-09-30,21.610001,21.610001,21.610001,21.610001,200,7.769755
2003-09-29,22.50,23.00,21.610001,22.50,1500,8.08975
2003-09-26,22.00,22.00,22.00,22.00,1000,7.909977
2003-09-25,21.99,21.99,21.99,21.99,300,7.906382
2003-09-24,21.030001,23.120001,21.030001,22.860001,900,8.029346
2003-09-23,22.18,22.60,22.18,22.60,1600,7.938024
2003-09-22,22.49,22.50,22.49,22.50,200,7.9029
2003-09-19,22.00,22.40,21.549999,22.40,5500,7.867775
2003-09-18,22.25,22.25,22.25,22.25,100,7.81509
2003-09-17,21.50,21.50,21.50,21.50,000,7.55166
2003-09-16,21.879999,22.40,21.50,21.50,1800,7.55166
2003-09-15,22.389999,22.389999,21.51,21.75,2800,7.63947
2003-09-12,22.40,22.40,22.40,22.40,000,7.867775
2003-09-11,21.799999,22.40,21.52,22.40,1600,7.867775
2003-09-10,21.549999,21.549999,21.549999,21.549999,600,7.569221
2003-09-09,22.00,22.389999,21.50,21.50,2400,7.55166
2003-09-08,22.01,22.35,22.00,22.35,3100,7.850214
2003-09-05,22.00,22.01,21.610001,21.610001,1200,7.590296
2003-09-04,22.16,22.49,21.049999,21.42,2200,7.52356
2003-09-03,21.440001,22.48,21.440001,22.48,4000,7.895875
2003-09-02,21.35,21.50,21.35,21.50,3100,7.55166
2003-08-29,21.49,21.50,21.309999,21.309999,2100,7.484924
2003-08-28,21.450001,21.50,21.450001,21.50,2200,7.55166
2003-08-27,21.49,21.50,21.49,21.50,2100,7.55166
2003-08-26,21.50,21.50,21.50,21.50,100,7.55166
2003-08-25,21.049999,21.50,21.049999,21.049999,2200,7.393601
2003-08-22,21.610001,21.620001,21.00,21.00,1000,7.37604
2003-08-21,21.620001,21.620001,21.620001,21.620001,500,7.593809
2003-08-20,21.610001,21.610001,21.549999,21.549999,1100,7.569221
2003-08-19,20.98,21.00,20.85,20.85,900,7.323354
2003-08-18,20.809999,21.00,20.77,20.77,2200,7.295255
2003-08-15,20.75,21.00,20.75,20.76,1000,7.291742
2003-08-14,20.75,20.75,20.75,20.75,000,7.28823
2003-08-13,20.50,20.75,20.50,20.75,1800,7.28823
2003-08-12,20.219999,20.85,20.18,20.85,4400,7.323354
2003-08-11,20.139999,20.139999,20.01,20.01,4400,7.028312
2003-08-08,20.09,20.190001,20.09,20.190001,1000,7.091535
2003-08-07,20.10,20.10,20.10,20.10,1800,7.059924
2003-08-06,19.889999,20.01,19.25,20.00,8900,7.0248
2003-08-05,19.92,19.92,19.92,19.92,100,6.9967
2003-08-04,19.889999,19.889999,19.889999,19.889999,000,6.986163
2003-08-01,19.299999,19.889999,19.299999,19.889999,2600,6.986163
2003-07-31,19.98,19.98,19.959999,19.959999,900,7.01075
2003-07-30,19.76,19.860001,19.40,19.50,8800,6.84918
2003-07-29,19.75,19.75,19.15,19.50,1500,6.84918
2003-07-28,19.25,20.25,19.01,19.50,2400,6.84918
2003-07-25,19.24,20.35,19.24,19.24,4400,6.757857
2003-07-24,18.780001,19.24,18.60,19.24,3800,6.757857
2003-07-23,19.24,19.24,19.24,19.24,200,6.757857
2003-07-22,18.75,19.23,18.75,19.23,4300,6.754345
2003-07-21,18.60,18.60,18.60,18.60,000,6.533064
2003-07-18,18.610001,18.610001,18.60,18.60,700,6.533064
2003-07-17,18.610001,19.290001,18.610001,19.290001,900,6.77542
2003-07-16,18.60,18.60,18.60,18.60,000,6.533064
2003-07-15,18.799999,19.34,18.50,18.60,2900,6.533064
2003-07-14,18.75,18.75,18.75,18.75,400,6.58575
2003-07-11,18.75,18.75,18.620001,18.620001,2800,6.540089
2003-07-10,19.41,19.440001,18.66,18.66,2100,6.554138
2003-07-09,19.469999,19.469999,18.50,18.65,1600,6.550625
2003-07-08,19.48,19.51,19.48,19.51,300,6.852692
2003-07-07,19.00,19.00,18.200001,18.200001,2000,6.392568
2003-07-03,19.50,19.50,18.50,18.50,1000,6.49794
2003-07-02,18.52,18.60,17.969999,18.52,16300,6.504965
2003-07-01,18.799999,19.00,18.67,18.67,2500,6.55765
2003-06-30,18.950001,18.950001,18.879999,18.879999,1500,6.631411
2003-06-27,19.059999,19.690001,19.059999,19.059999,1600,6.694634
2003-06-26,19.93,20.00,19.190001,19.190001,4000,6.740295
2003-06-25,20.00,20.00,19.99,20.00,1000,7.0248
2003-06-24,20.00,20.50,19.700001,20.00,3400,6.839345
2003-06-23,20.50,20.50,19.75,20.200001,1600,6.907739
2003-06-20,19.200001,19.200001,19.200001,19.200001,400,6.565772
2003-06-19,20.00,20.00,19.10,19.50,1100,6.668361
2003-06-18,19.50,19.75,19.50,19.67,800,6.726496
2003-06-17,20.00,20.00,20.00,20.00,1700,6.839345
2003-06-16,19.00,20.00,18.60,19.66,5300,6.723076
2003-06-13,18.50,18.50,18.200001,18.35,11400,6.275099
2003-06-12,18.50,18.90,18.200001,18.90,11000,6.463181
2003-06-11,17.00,18.549999,17.00,18.200001,65500,6.223804
2003-06-10,18.50,18.50,18.50,18.50,200,6.326394
2003-06-09,19.15,19.15,18.02,19.15,1300,6.548673
2003-06-06,18.50,19.209999,18.25,19.00,6900,6.497378
2003-06-05,18.50,18.84,18.00,18.50,5100,6.326394
2003-06-04,18.90,18.90,17.799999,17.799999,96000,6.087017
2003-06-03,18.40,18.40,18.40,18.40,000,6.292197
2003-06-02,18.50,19.209999,17.809999,18.40,7300,6.292197
2003-05-30,18.35,18.50,18.00,18.25,3800,6.240902
2003-05-29,18.690001,18.690001,17.799999,18.25,2800,6.240902
2003-05-28,18.25,18.450001,18.25,18.25,1300,6.240902
2003-05-27,18.209999,18.25,17.809999,18.25,1700,6.240902
2003-05-23,17.75,18.25,17.75,18.209999,6300,6.227223
2003-05-22,17.309999,17.309999,17.309999,17.309999,300,5.919453
2003-05-21,17.549999,17.799999,17.200001,17.799999,3300,6.087017
2003-05-20,17.10,17.299999,17.10,17.25,3400,5.898935
2003-05-19,17.24,17.50,17.049999,17.35,9700,5.933132
2003-05-16,17.00,17.27,17.00,17.27,1800,5.905775
2003-05-15,17.049999,17.049999,17.049999,17.049999,800,5.830541
2003-05-14,17.10,17.25,17.049999,17.049999,2300,5.830541
2003-05-13,17.02,17.25,17.00,17.200001,6500,5.881837
2003-05-12,16.85,17.049999,16.51,17.00,7400,5.813443
2003-05-09,17.16,17.16,16.50,17.02,5500,5.820283
2003-05-08,16.85,17.18,16.85,17.15,900,5.864738
2003-05-07,17.00,17.200001,16.58,17.00,2500,5.813443
2003-05-06,17.25,17.25,16.629999,17.00,3200,5.813443
2003-05-05,17.60,17.60,16.85,16.860001,1400,5.765568
2003-05-02,17.50,17.700001,17.299999,17.60,5500,6.018624
2003-05-01,16.75,17.10,16.50,17.10,2200,5.84764
2003-04-30,17.60,17.60,16.75,16.75,3000,5.727952
2003-04-29,17.85,17.85,16.75,17.15,2700,5.864738
2003-04-28,17.799999,17.85,17.209999,17.50,2000,5.984427
2003-04-25,17.10,17.85,17.10,17.85,1200,6.104116
2003-04-24,17.200001,17.50,17.00,17.219999,4600,5.888676
2003-04-23,16.50,17.50,16.50,17.450001,10600,5.967329
2003-04-22,16.469999,18.00,16.200001,16.75,22600,5.727952
2003-04-21,19.75,19.75,15.85,16.25,56700,5.556968
2003-04-17,19.75,20.00,19.75,19.799999,7000,6.770951
2003-04-16,19.75,20.50,19.50,19.90,2500,6.805148
2003-04-15,19.77,19.90,19.77,19.90,1000,6.805148
2003-04-14,20.049999,20.049999,20.049999,20.049999,000,6.856443
2003-04-11,20.049999,20.049999,20.049999,20.049999,000,6.856443
2003-04-10,20.049999,20.049999,20.049999,20.049999,000,6.856443
2003-04-09,20.10,20.10,20.00,20.049999,1200,6.856443
2003-04-08,20.049999,20.049999,20.049999,20.049999,000,6.856443
2003-04-07,20.049999,20.049999,20.049999,20.049999,400,6.856443
2003-04-04,20.02,20.02,20.02,20.02,400,6.846185
2003-04-03,20.90,20.90,20.25,20.25,1100,6.924837
2003-04-02,21.02,21.02,21.00,21.00,4100,7.181312
2003-04-01,21.75,21.75,21.75,21.75,100,7.437788
2003-03-31,21.75,21.75,21.75,21.75,500,7.437788
2003-03-28,22.08,22.08,21.00,21.00,2000,7.181312
2003-03-27,21.10,21.10,20.50,21.10,1100,7.215509
2003-03-26,21.32,21.32,19.76,21.32,1100,7.290742
2003-03-25,22.35,22.35,22.00,22.00,1200,7.342721
2003-03-24,22.00,22.00,22.00,22.00,500,7.342721
2003-03-21,22.16,22.16,22.16,22.16,000,7.396122
2003-03-20,22.16,22.16,22.16,22.16,000,7.396122
2003-03-19,22.16,22.16,22.16,22.16,700,7.396122
2003-03-18,22.15,22.15,22.15,22.15,000,7.392784
2003-03-17,22.15,22.15,22.15,22.15,000,7.392784
2003-03-14,22.15,22.15,22.15,22.15,4900,7.392784
2003-03-13,22.059999,22.10,22.059999,22.10,41500,7.376097
2003-03-12,22.25,22.25,22.25,22.25,1000,7.426161
2003-03-11,22.25,22.25,22.25,22.25,300,7.426161
2003-03-10,22.030001,22.030001,22.030001,22.030001,200,7.352734
2003-03-07,22.040001,22.040001,22.040001,22.040001,100,7.356071
2003-03-06,22.040001,22.040001,22.040001,22.040001,100,7.356071
2003-03-05,21.51,21.51,21.51,21.51,000,7.179178
2003-03-04,21.51,21.51,21.51,21.51,100,7.179178
2003-03-03,21.85,22.25,21.59,22.25,1200,7.426161
2003-02-28,21.02,21.98,21.01,21.709999,5300,7.24593
2003-02-27,22.24,22.24,22.24,22.24,400,7.422823
2003-02-26,20.870001,20.870001,20.870001,20.870001,600,6.965572
2003-02-25,21.01,21.01,21.01,21.01,300,7.012298
2003-02-24,21.01,21.01,21.01,21.01,400,7.012298
2003-02-21,21.25,21.26,21.25,21.26,600,7.095738
2003-02-20,22.00,22.00,22.00,22.00,000,7.342721
2003-02-19,22.00,22.00,21.99,22.00,1400,7.342721
2003-02-18,22.24,22.24,22.24,22.24,000,7.422823
2003-02-14,22.24,22.24,22.24,22.24,000,7.422823
2003-02-13,22.24,22.24,22.24,22.24,200,7.422823
2003-02-12,22.24,22.24,22.24,22.24,000,7.422823
2003-02-11,22.24,22.24,22.24,22.24,000,7.422823
2003-02-10,22.24,22.24,22.24,22.24,000,7.422823
2003-02-07,22.24,22.24,22.24,22.24,500,7.422823
2003-02-06,22.040001,22.299999,22.040001,22.299999,1400,7.442848
2003-02-05,22.00,22.00,20.90,21.00,2500,7.00896
2003-02-04,22.00,22.15,22.00,22.00,2700,7.342721
2003-02-03,21.99,21.99,21.99,21.99,200,7.339383
2003-01-31,21.25,21.99,21.25,21.99,800,7.339383
2003-01-30,21.99,22.00,21.99,22.00,600,7.342721
2003-01-29,21.50,21.50,21.50,21.50,000,7.17584
2003-01-28,21.809999,21.809999,21.01,21.50,2900,7.17584
2003-01-27,21.219999,21.870001,21.219999,21.549999,4400,7.192528
2003-01-24,22.00,22.00,21.98,22.00,5200,7.342721
2003-01-23,23.059999,23.10,22.200001,22.75,6600,7.593041
2003-01-22,22.66,23.059999,22.66,22.799999,7100,7.609728
2003-01-21,23.10,23.10,22.60,22.700001,7600,7.576353
2003-01-17,22.65,22.65,22.65,22.65,900,7.559664
2003-01-16,22.65,22.65,22.65,22.65,000,7.559664
2003-01-15,22.65,22.65,22.65,22.65,1200,7.559664
2003-01-14,22.60,22.799999,22.50,22.799999,1900,7.609728
2003-01-13,22.889999,22.889999,22.889999,22.889999,400,7.639767
2003-01-10,22.90,22.90,22.90,22.90,500,7.643104
2003-01-09,22.75,22.75,22.75,22.75,000,7.593041
2003-01-08,22.75,22.75,22.75,22.75,300,7.593041
2003-01-07,22.41,22.41,22.41,22.41,000,7.479562
2003-01-06,22.440001,22.440001,22.41,22.41,400,7.479562
2003-01-03,22.41,22.41,22.41,22.41,000,7.479562
2003-01-02,22.41,22.41,22.41,22.41,400,7.479562
2002-12-31,22.200001,22.32,22.200001,22.32,1400,7.449524
2002-12-30,22.50,22.50,22.18,22.18,800,7.402797
2002-12-27,21.82,21.82,21.82,21.82,000,7.282644
2002-12-26,21.82,21.82,21.82,21.82,000,7.282644
2002-12-24,22.35,22.35,22.35,22.35,600,7.283311
2002-12-23,22.48,22.50,22.48,22.50,1100,7.332193
2002-12-20,22.360001,22.360001,22.360001,22.360001,400,7.28657
2002-12-19,22.700001,22.700001,22.700001,22.700001,000,7.397368
2002-12-18,22.25,22.700001,22.25,22.700001,1000,7.397368
2002-12-17,22.75,22.75,22.75,22.75,200,7.413661
2002-12-16,22.639999,22.65,22.639999,22.65,300,7.381074
2002-12-13,22.33,22.33,22.200001,22.23,1100,7.244206
2002-12-12,22.209999,22.209999,22.209999,22.209999,600,7.237688
2002-12-11,22.299999,22.299999,22.15,22.15,2100,7.218136
2002-12-10,22.33,22.33,22.33,22.33,000,7.276794
2002-12-09,22.299999,22.33,22.299999,22.33,1400,7.276794
2002-12-06,22.299999,22.299999,22.120001,22.120001,2200,7.20836
2002-12-05,22.440001,22.440001,22.440001,22.440001,400,7.31264
2002-12-04,22.75,22.75,22.450001,22.450001,1300,7.315899
2002-12-03,22.75,22.75,22.75,22.75,000,7.413661
2002-12-02,22.75,22.75,22.75,22.75,000,7.413661
2002-11-29,22.75,22.75,22.75,22.75,200,7.413661
2002-11-27,22.25,22.25,22.00,22.00,15800,7.169255
2002-11-26,22.24,22.24,22.24,22.24,100,7.247465
2002-11-25,22.17,22.17,22.17,22.17,300,7.224654
2002-11-22,21.90,21.950001,21.90,21.950001,600,7.152961
2002-11-21,21.85,21.85,21.85,21.85,000,7.120374
2002-11-20,21.85,21.85,21.85,21.85,000,7.120374
2002-11-19,21.85,21.85,21.85,21.85,000,7.120374
2002-11-18,21.860001,21.90,21.85,21.85,4000,7.120374
2002-11-15,21.950001,21.950001,21.950001,21.950001,000,7.152961
2002-11-14,21.90,21.950001,21.90,21.950001,1900,7.152961
2002-11-13,21.559999,21.559999,21.559999,21.559999,000,7.02587
2002-11-12,21.559999,21.559999,21.559999,21.559999,000,7.02587
2002-11-11,21.559999,21.559999,21.559999,21.559999,200,7.02587
2002-11-08,21.99,21.99,21.99,21.99,000,7.165996
2002-11-07,21.99,21.99,21.99,21.99,000,7.165996
2002-11-06,21.559999,21.99,21.559999,21.99,1300,7.165996
2002-11-05,21.75,21.75,21.75,21.75,400,7.087786
2002-11-04,21.950001,21.99,21.50,21.50,2400,7.006317
2002-11-01,21.25,21.25,21.25,21.25,000,6.924848
2002-10-31,21.25,21.25,21.25,21.25,400,6.924848
2002-10-30,21.940001,21.940001,21.940001,21.940001,100,7.149703
2002-10-29,21.25,21.25,21.25,21.25,600,6.924848
2002-10-28,21.25,21.25,21.25,21.25,000,6.924848
2002-10-25,21.25,21.25,21.25,21.25,2400,6.924848
2002-10-24,21.25,21.25,21.25,21.25,000,6.924848
2002-10-23,21.26,21.26,21.25,21.25,2800,6.924848
2002-10-22,21.25,21.25,21.25,21.25,3500,6.924848
2002-10-21,21.49,21.49,21.25,21.26,6500,6.928107
2002-10-18,21.48,21.48,21.26,21.48,700,6.9998
2002-10-17,20.75,21.25,20.75,21.25,8800,6.924848
2002-10-16,21.25,21.25,21.25,21.25,000,6.924848
2002-10-15,21.25,21.25,21.25,21.25,500,6.924848
2002-10-14,20.75,21.01,20.75,20.799999,4200,6.778204
2002-10-11,20.82,21.25,20.700001,20.76,3700,6.76517
2002-10-10,20.809999,20.809999,20.809999,20.809999,800,6.781463
2002-10-09,21.00,21.27,21.00,21.27,2800,6.931366
2002-10-08,21.15,21.16,21.00,21.00,1500,6.84338
2002-10-07,21.16,21.16,21.15,21.16,2100,6.89552
2002-10-04,21.15,21.27,21.00,21.00,2700,6.84338
2002-10-03,20.200001,20.200001,20.200001,20.200001,000,6.58268
2002-10-02,20.200001,20.200001,20.200001,20.200001,000,6.58268
2002-10-01,20.200001,20.200001,20.200001,20.200001,000,6.58268
2002-09-30,20.200001,20.200001,20.200001,20.200001,1000,6.58268
2002-09-27,20.99,20.99,20.16,20.50,3400,6.680442
2002-09-26,20.25,21.00,20.25,21.00,1800,6.84338
2002-09-25,20.049999,20.450001,20.00,20.00,5500,6.517504
2002-09-24,20.15,20.15,20.15,20.15,400,6.394324
2002-09-23,19.379999,19.50,19.379999,19.50,800,6.188055
2002-09-20,19.32,19.75,19.32,19.75,2200,6.267389
2002-09-19,19.15,19.15,19.08,19.09,1100,6.057948
2002-09-18,19.27,19.27,19.27,19.27,000,6.115068
2002-09-17,19.08,19.27,19.08,19.27,700,6.115068
2002-09-16,19.75,19.75,19.75,19.75,000,6.267389
2002-09-13,19.08,19.75,19.08,19.75,500,6.267389
2002-09-12,19.50,19.75,19.50,19.75,1600,6.267389
2002-09-11,19.23,19.50,19.23,19.40,1900,6.156322
2002-09-10,19.620001,19.74,19.25,19.74,2000,6.264216
2002-09-09,19.23,19.610001,19.23,19.610001,1700,6.222963
2002-09-06,19.299999,19.60,19.299999,19.60,2800,6.219789
2002-09-05,19.40,19.40,19.35,19.35,3900,6.140455
2002-09-04,19.49,19.620001,19.35,19.620001,5100,6.226136
2002-09-03,19.360001,19.360001,19.35,19.35,500,6.140455
2002-08-30,19.25,19.35,19.25,19.35,6000,6.140455
2002-08-29,19.25,19.25,19.25,19.25,1200,6.108721
2002-08-28,19.34,19.34,18.99,18.99,500,6.026214
2002-08-27,18.969999,19.34,18.969999,19.34,1500,6.137282
2002-08-26,18.719999,18.959999,18.450001,18.469999,6900,5.861199
2002-08-23,18.60,18.65,18.25,18.43,4600,5.848506
2002-08-22,18.50,19.10,18.030001,19.10,5500,6.061121
2002-08-21,18.200001,18.200001,18.15,18.15,1300,5.759651
2002-08-20,18.50,18.50,18.40,18.450001,4000,5.854853
2002-08-19,18.50,18.50,18.50,18.50,700,5.870719
2002-08-16,18.190001,18.190001,18.190001,18.190001,4800,5.772345
2002-08-15,18.52,18.52,18.52,18.52,3200,5.877066
2002-08-14,18.25,18.25,18.25,18.25,9100,5.791385
2002-08-13,18.469999,18.75,18.200001,18.25,3700,5.791385
2002-08-12,18.65,18.65,18.25,18.25,1200,5.791385
2002-08-09,18.65,18.65,18.65,18.65,1000,5.918319
2002-08-08,18.370001,18.65,18.25,18.40,6700,5.838985
2002-08-07,18.35,18.40,18.35,18.40,2200,5.838985
2002-08-06,18.50,18.50,18.10,18.10,24700,5.743785
2002-08-05,18.26,18.50,18.26,18.50,2300,5.870719
2002-08-02,19.00,19.00,18.18,19.00,22800,6.029387
2002-08-01,18.74,19.00,18.74,19.00,7700,6.029387
2002-07-31,20.00,20.00,18.15,18.99,8500,6.026214
2002-07-30,20.00,20.35,20.00,20.049999,4100,6.36259
2002-07-29,20.00,20.00,20.00,20.00,2100,6.346723
2002-07-26,22.00,22.00,20.00,20.00,2700,6.346723
2002-07-25,22.07,22.07,22.07,22.07,000,7.003609
2002-07-24,22.07,22.07,22.07,22.07,000,7.003609
2002-07-23,22.549999,22.549999,22.07,22.07,2800,7.003609
2002-07-22,22.549999,22.549999,22.549999,22.549999,1000,7.15593
2002-07-19,23.00,23.00,23.00,23.00,1000,7.298732
2002-07-18,22.67,22.67,22.67,22.67,000,7.194011
2002-07-17,22.67,22.67,22.67,22.67,500,7.194011
2002-07-16,23.25,23.25,23.25,23.25,200,7.378066
2002-07-15,23.00,23.00,23.00,23.00,000,7.298732
2002-07-12,23.00,23.02,22.879999,23.00,3100,7.298732
2002-07-11,23.00,23.00,23.00,23.00,800,7.298732
2002-07-10,23.549999,23.549999,23.190001,23.440001,2800,7.43836
2002-07-09,23.049999,23.049999,23.049999,23.049999,200,7.314599
2002-07-08,23.440001,23.440001,23.440001,23.440001,600,7.43836
2002-07-05,23.549999,23.549999,23.549999,23.549999,500,7.473267
2002-07-03,23.549999,23.549999,23.549999,23.549999,200,7.473267
2002-07-02,23.25,23.549999,23.25,23.549999,800,7.473267
2002-07-01,23.030001,23.299999,23.00,23.299999,2300,7.393933
2002-06-28,23.25,23.620001,23.25,23.620001,2500,7.495481
2002-06-27,23.25,23.25,23.25,23.25,400,7.378066
2002-06-26,22.969999,22.969999,22.969999,22.969999,000,7.289212
2002-06-25,23.50,23.50,23.50,23.50,000,7.289847
2002-06-24,23.50,23.620001,23.40,23.50,8900,7.289847
2002-06-21,23.10,23.10,23.10,23.10,3000,7.165764
2002-06-20,23.059999,23.059999,23.059999,23.059999,400,7.153356
2002-06-19,23.25,23.25,23.25,23.25,3000,7.212295
2002-06-18,23.25,23.25,23.25,23.25,600,7.212295
2002-06-17,23.25,23.25,23.25,23.25,1400,7.212295
2002-06-14,23.25,23.25,23.25,23.25,200,7.212295
2002-06-13,23.50,23.50,23.18,23.18,1700,7.190581
2002-06-12,24.15,24.15,24.15,24.15,000,7.49148
2002-06-11,24.200001,24.32,24.15,24.15,1600,7.49148
2002-06-10,24.00,24.00,24.00,24.00,000,7.44495
2002-06-07,24.00,24.00,24.00,24.00,400,7.44495
2002-06-06,23.50,23.50,23.299999,23.299999,900,7.227805
2002-06-05,24.200001,24.200001,24.00,24.00,500,7.44495
2002-06-04,24.00,24.00,24.00,24.00,000,7.44495
2002-06-03,24.00,24.00,24.00,24.00,200,7.44495
2002-05-31,24.50,24.50,24.50,24.50,000,7.600053
2002-05-30,23.90,24.50,23.90,24.50,900,7.600053
2002-05-29,24.40,24.40,24.00,24.00,1800,7.44495
2002-05-28,23.90,23.90,23.90,23.90,000,7.413929
2002-05-24,23.90,23.90,23.90,23.90,400,7.413929
2002-05-23,23.90,23.90,23.90,23.90,500,7.413929
2002-05-22,23.90,23.90,23.00,23.00,600,7.134743
2002-05-21,23.02,23.02,23.00,23.00,10000,7.134743
2002-05-20,23.00,23.00,23.00,23.00,300,7.134743
2002-05-17,23.66,23.66,23.66,23.66,700,7.339479
2002-05-16,23.10,23.60,23.10,23.50,4000,7.289847
2002-05-15,23.139999,23.139999,23.139999,23.139999,200,7.178172
2002-05-14,23.16,23.16,23.16,23.16,300,7.184376
2002-05-13,23.139999,23.16,23.139999,23.16,300,7.184376
2002-05-10,23.00,23.00,23.00,23.00,000,7.134743
2002-05-09,23.01,23.01,23.00,23.00,600,7.134743
2002-05-08,23.25,23.25,23.10,23.10,400,7.165764
2002-05-07,23.25,23.25,23.00,23.129999,1400,7.17507
2002-05-06,23.469999,24.00,23.25,23.25,2500,7.212295
2002-05-03,23.25,23.50,23.25,23.50,800,7.289847
2002-05-02,23.219999,23.25,23.219999,23.25,700,7.212295
2002-05-01,23.00,23.00,23.00,23.00,500,7.134743
2002-04-30,23.00,23.15,23.00,23.00,22600,7.134743
2002-04-29,23.00,23.01,23.00,23.01,400,7.137846
2002-04-26,23.00,23.00,23.00,23.00,300,7.134743
2002-04-25,23.00,23.00,23.00,23.00,100,7.134743
2002-04-24,23.00,23.00,23.00,23.00,000,7.134743
2002-04-23,23.25,23.25,23.00,23.00,2000,7.134743
2002-04-22,23.25,23.25,23.25,23.25,300,7.212295
2002-04-19,22.75,23.25,22.75,23.25,800,7.212295
2002-04-18,23.219999,23.219999,23.00,23.00,600,7.134743
2002-04-17,23.00,23.00,23.00,23.00,500,7.134743
2002-04-16,22.85,22.85,22.85,22.85,900,7.088213
2002-04-15,22.85,22.85,22.85,22.85,100,7.088213
2002-04-12,22.85,22.85,22.50,22.50,1400,6.97964
2002-04-11,23.25,23.25,23.25,23.25,000,7.212295
2002-04-10,23.25,23.25,23.25,23.25,000,7.212295
2002-04-09,23.25,23.25,23.25,23.25,300,7.212295
2002-04-08,23.25,23.25,23.25,23.25,000,7.212295
2002-04-05,22.50,23.25,22.50,23.25,6000,7.212295
2002-04-04,22.75,22.75,22.75,22.75,1000,7.057192
2002-04-03,23.00,23.00,23.00,23.00,300,7.134743
2002-04-02,23.00,23.00,23.00,23.00,500,7.134743
2002-04-01,23.00,23.25,23.00,23.25,500,7.212295
2002-03-28,22.629999,22.629999,22.629999,22.629999,100,7.019967
2002-03-27,22.629999,22.629999,22.629999,22.629999,000,7.019967
2002-03-26,22.700001,22.700001,22.629999,22.629999,1400,7.019967
2002-03-25,22.75,22.75,22.75,22.75,000,6.893403
2002-03-22,22.75,23.00,22.75,22.75,1200,6.893403
2002-03-21,23.00,23.00,23.00,23.00,900,6.969155
2002-03-20,23.00,23.00,23.00,23.00,1000,6.969155
2002-03-19,22.75,22.75,22.75,22.75,000,6.893403
2002-03-18,22.50,23.00,22.50,22.75,2200,6.893403
2002-03-15,22.75,22.75,22.75,22.75,000,6.893403
2002-03-14,22.75,22.75,22.75,22.75,700,6.893403
2002-03-13,22.75,22.75,22.25,22.25,2500,6.7419
2002-03-12,22.75,22.99,22.75,22.99,400,6.966125
2002-03-11,22.75,22.75,22.75,22.75,000,6.893403
2002-03-08,22.75,22.75,22.75,22.75,600,6.893403
2002-03-07,22.879999,22.879999,22.879999,22.879999,000,6.932794
2002-03-06,22.879999,22.879999,22.879999,22.879999,100,6.932794
2002-03-05,22.75,22.75,22.75,22.75,1600,6.893403
2002-03-04,22.870001,22.870001,22.870001,22.870001,000,6.929764
2002-03-01,22.75,22.870001,22.75,22.870001,1200,6.929764
2002-02-28,22.879999,22.879999,22.879999,22.879999,100,6.932794
2002-02-27,22.879999,22.879999,22.879999,22.879999,400,6.932794
2002-02-26,23.00,23.00,23.00,23.00,1000,6.969155
2002-02-25,23.50,23.65,23.43,23.43,1500,7.099448
2002-02-22,23.01,23.65,23.00,23.65,6300,7.166109
2002-02-21,23.00,23.00,23.00,23.00,4100,6.969155
2002-02-20,23.00,23.50,23.00,23.50,1200,7.120658
2002-02-19,22.50,23.23,22.50,23.23,500,7.038846
2002-02-15,23.00,23.00,22.50,22.50,1000,6.817652
2002-02-14,23.25,23.25,22.75,23.24,1100,7.041877
2002-02-13,22.50,22.50,22.50,22.50,3200,6.817652
2002-02-12,22.50,22.50,22.50,22.50,6000,6.817652
2002-02-11,22.50,22.50,22.50,22.50,4500,6.817652
2002-02-08,22.50,22.50,22.50,22.50,900,6.817652
2002-02-07,22.25,22.50,22.25,22.50,2300,6.817652
2002-02-06,22.50,22.50,22.50,22.50,19900,6.817652
2002-02-05,22.50,22.799999,22.50,22.50,10600,6.817652
2002-02-04,22.50,22.50,22.50,22.50,200,6.817652
2002-02-01,22.50,23.450001,21.959999,22.50,10100,6.817652
2002-01-31,22.50,22.50,22.50,22.50,98600,6.817652
2002-01-30,22.50,24.52,22.50,22.50,1900,6.817652
2002-01-29,22.75,22.75,22.50,22.50,2600,6.817652
2002-01-28,23.00,23.00,22.50,22.50,5600,6.817652
2002-01-25,23.00,23.00,23.00,23.00,54400,6.969155
2002-01-24,22.68,22.68,22.60,22.60,800,6.847952
2002-01-23,22.799999,23.299999,22.799999,23.299999,3200,7.060057
2002-01-22,22.75,22.870001,22.75,22.870001,1400,6.929764
2002-01-18,22.40,22.74,22.10,22.74,3300,6.890373
2002-01-17,22.40,22.40,22.10,22.10,1600,6.696449
2002-01-16,22.34,22.34,22.34,22.34,000,6.769171
2002-01-15,22.34,22.34,22.34,22.34,000,6.769171
2002-01-14,22.15,22.389999,21.91,22.34,3200,6.769171
2002-01-11,22.50,22.50,22.50,22.50,1600,6.817652
2002-01-10,22.50,22.50,22.00,22.00,2400,6.666148
2002-01-09,22.35,22.35,22.10,22.10,1000,6.696449
2002-01-08,22.00,22.00,22.00,22.00,000,6.666148
2002-01-07,22.00,22.35,21.92,22.00,1500,6.666148
2002-01-04,22.35,22.35,21.969999,21.969999,2300,6.657058
2002-01-03,22.23,22.23,22.23,22.23,000,6.73584
2002-01-02,22.23,22.23,22.23,22.23,100,6.73584
2001-12-31,22.50,22.50,22.23,22.23,600,6.73584
2001-12-28,22.23,22.23,22.23,22.23,000,6.73584
2001-12-27,22.299999,22.299999,22.23,22.23,400,6.73584
2001-12-26,22.60,22.60,22.60,22.60,2100,6.847952
2001-12-24,22.309999,22.309999,22.309999,22.309999,000,6.600092
2001-12-21,22.309999,22.309999,22.309999,22.309999,000,6.600092
2001-12-20,22.309999,22.309999,22.309999,22.309999,000,6.600092
2001-12-19,22.309999,22.309999,22.309999,22.309999,000,6.600092
2001-12-18,22.309999,22.309999,22.309999,22.309999,000,6.600092
2001-12-17,22.309999,22.309999,22.309999,22.309999,000,6.600092
2001-12-14,22.309999,22.309999,22.309999,22.309999,000,6.600092
2001-12-13,22.309999,22.309999,22.309999,22.309999,100,6.600092
2001-12-12,23.00,23.00,23.00,23.00,000,6.804219
2001-12-11,23.00,23.00,23.00,23.00,200,6.804219
2001-12-10,23.00,23.00,23.00,23.00,000,6.804219
2001-12-07,23.00,23.00,23.00,23.00,000,6.804219
2001-12-06,23.00,23.00,23.00,23.00,100,6.804219
2001-12-05,22.450001,22.450001,22.450001,22.450001,000,6.64151
2001-12-04,22.450001,22.450001,22.450001,22.450001,100,6.64151
2001-12-03,22.35,22.35,22.35,22.35,000,6.611926
2001-11-30,22.35,22.35,22.35,22.35,000,6.611926
2001-11-29,22.35,22.35,22.35,22.35,000,6.611926
2001-11-28,22.35,22.35,22.35,22.35,1000,6.611926
2001-11-27,22.309999,22.309999,22.309999,22.309999,200,6.600092
2001-11-26,22.299999,22.299999,22.299999,22.299999,000,6.597134
2001-11-23,22.299999,22.299999,22.299999,22.299999,000,6.597134
2001-11-21,22.299999,22.299999,22.299999,22.299999,400,6.597134
2001-11-20,21.90,21.90,21.90,21.90,000,6.4788
2001-11-19,21.90,21.90,21.90,21.90,000,6.4788
2001-11-16,22.950001,22.950001,21.559999,21.90,1300,6.4788
2001-11-15,22.65,22.65,22.65,22.65,000,6.700677
2001-11-14,22.75,22.75,20.00,22.65,2400,6.700677
2001-11-13,23.00,23.00,23.00,23.00,600,6.804219
2001-11-12,23.00,23.00,23.00,23.00,2900,6.804219
2001-11-09,23.59,23.59,23.00,23.00,600,6.804219
2001-11-08,23.59,23.59,23.59,23.59,000,6.978762
2001-11-07,23.59,23.59,23.59,23.59,000,6.978762
2001-11-06,23.59,23.59,23.59,23.59,000,6.978762
2001-11-05,23.00,23.59,23.00,23.59,500,6.978762
2001-11-02,23.49,23.49,23.49,23.49,000,6.949179
2001-11-01,23.49,23.49,23.49,23.49,000,6.949179
2001-10-31,23.49,23.49,23.49,23.49,000,6.949179
2001-10-30,23.49,23.49,23.49,23.49,000,6.949179
2001-10-29,23.49,23.49,23.49,23.49,000,6.949179
2001-10-26,23.49,23.49,23.49,23.49,100,6.949179
2001-10-25,23.50,23.50,23.50,23.50,600,6.952137
2001-10-24,23.870001,23.870001,23.809999,23.809999,2000,7.043846
2001-10-23,22.700001,22.700001,22.700001,22.700001,400,6.715469
2001-10-22,23.00,23.00,23.00,23.00,400,6.804219
2001-10-19,22.50,22.50,22.50,22.50,000,6.656301
2001-10-18,22.50,22.50,22.50,22.50,000,6.656301
2001-10-17,22.40,23.35,22.40,22.50,2100,6.656301
2001-10-16,22.450001,22.450001,22.450001,22.450001,000,6.64151
2001-10-15,23.00,23.00,22.450001,22.450001,2700,6.64151
2001-10-12,23.75,23.75,23.35,23.35,1200,6.907762
2001-10-11,22.950001,23.75,22.950001,23.75,800,7.026096
2001-10-10,22.40,22.40,22.40,22.40,000,6.626718
2001-10-09,22.40,22.40,22.40,22.40,500,6.626718
2001-10-08,22.950001,22.950001,22.950001,22.950001,1400,6.789428
2001-10-05,22.950001,22.950001,22.00,22.00,1400,6.508384
2001-10-04,22.950001,22.950001,22.950001,22.950001,400,6.789428
2001-10-03,23.00,23.00,23.00,23.00,000,6.804219
2001-10-02,23.00,23.00,23.00,23.00,000,6.804219
2001-10-01,23.00,23.00,23.00,23.00,400,6.804219
2001-09-28,23.00,23.00,21.90,21.90,800,6.4788
2001-09-27,23.110001,23.110001,23.110001,23.110001,500,6.836761
2001-09-26,23.110001,23.110001,23.110001,23.110001,000,6.836761
2001-09-25,23.110001,23.110001,23.110001,23.110001,500,6.68056
2001-09-24,22.049999,22.049999,22.049999,22.049999,200,6.374138
2001-09-21,22.10,22.10,22.10,22.10,700,6.388592
2001-09-20,21.879999,21.879999,21.879999,21.879999,000,6.324995
2001-09-19,22.25,22.25,21.879999,21.879999,2000,6.324995
2001-09-18,23.01,23.01,23.01,23.01,000,6.651652
2001-09-17,23.01,23.01,23.01,23.01,000,6.651652
2001-09-10,23.01,23.01,23.01,23.01,000,6.651652
2001-09-07,23.01,23.01,23.01,23.01,000,6.651652
2001-09-06,23.01,23.01,23.01,23.01,000,6.651652
2001-09-05,23.01,23.01,23.01,23.01,200,6.651652
2001-09-04,22.799999,22.799999,22.50,22.50,2000,6.504223
2001-08-31,23.01,23.01,23.00,23.01,1100,6.651652
2001-08-30,22.50,23.00,22.50,23.00,1500,6.648761
2001-08-29,23.01,23.40,22.200001,23.01,13700,6.651652
2001-08-28,23.00,23.00,22.129999,22.129999,1900,6.397264
2001-08-27,23.00,23.00,23.00,23.00,2500,6.648761
2001-08-24,23.00,23.01,23.00,23.01,3000,6.651652
2001-08-23,23.00,23.00,22.870001,22.870001,900,6.611181
2001-08-22,23.00,23.00,23.00,23.00,1800,6.648761
2001-08-21,23.01,23.01,23.00,23.00,3800,6.648761
2001-08-20,23.01,23.01,23.01,23.01,300,6.651652
2001-08-17,23.50,23.75,23.50,23.75,600,6.865568
2001-08-16,23.379999,23.379999,23.00,23.00,1000,6.648761
2001-08-15,23.25,23.25,23.25,23.25,300,6.72103
2001-08-14,22.77,23.40,22.50,23.00,22300,6.648761
2001-08-13,23.00,23.00,23.00,23.00,3000,6.648761
2001-08-10,23.00,23.00,23.00,23.00,000,6.648761
2001-08-09,23.00,23.00,23.00,23.00,000,6.648761
2001-08-08,23.00,23.00,23.00,23.00,000,6.648761
2001-08-07,23.00,23.00,23.00,23.00,000,6.648761
2001-08-06,23.00,23.00,23.00,23.00,6200,6.648761
2001-08-03,23.00,23.00,23.00,23.00,000,6.648761
2001-08-02,23.00,23.00,23.00,23.00,000,6.648761
2001-08-01,23.00,23.10,23.00,23.00,3400,6.648761
2001-07-31,22.75,22.75,22.75,22.75,000,6.576492
2001-07-30,23.25,23.25,22.50,22.75,4100,6.576492
2001-07-27,23.25,23.25,23.25,23.25,000,6.72103
2001-07-26,23.25,23.25,23.25,23.25,000,6.72103
2001-07-25,23.25,23.25,23.25,23.25,000,6.72103
2001-07-24,23.00,23.25,23.00,23.25,2100,6.72103
2001-07-23,23.00,23.00,23.00,23.00,3100,6.648761
2001-07-20,23.00,23.00,23.00,23.00,800,6.648761
2001-07-19,23.00,23.00,23.00,23.00,200,6.648761
2001-07-18,22.75,22.75,22.75,22.75,400,6.576492
2001-07-17,22.75,22.75,22.75,22.75,3400,6.576492
2001-07-16,22.50,22.50,22.379999,22.379999,1200,6.469533
2001-07-13,22.50,22.50,22.50,22.50,000,6.504223
2001-07-12,22.50,22.75,22.50,22.50,17000,6.504223
2001-07-11,22.50,22.549999,22.50,22.50,2500,6.504223
2001-07-10,22.50,22.50,22.50,22.50,000,6.504223
2001-07-09,22.50,22.700001,22.50,22.50,1800,6.504223
2001-07-06,22.700001,22.700001,22.50,22.50,1200,6.504223
2001-07-05,22.299999,22.35,22.25,22.35,46100,6.460861
2001-07-03,22.299999,22.299999,22.299999,22.299999,000,6.446407
2001-07-02,22.60,22.60,22.299999,22.299999,8100,6.446407
2001-06-29,22.60,22.60,22.60,22.60,000,6.533131
2001-06-28,22.700001,22.700001,22.60,22.60,2000,6.533131
2001-06-27,22.60,22.700001,22.60,22.700001,600,6.562038
2001-06-26,22.700001,22.700001,22.60,22.60,2900,6.380499
2001-06-25,23.00,23.00,22.700001,22.700001,1100,6.408731
2001-06-22,22.700001,22.700001,22.700001,22.700001,2800,6.408731
2001-06-21,22.700001,22.700001,22.700001,22.700001,2100,6.408731
2001-06-20,22.700001,22.700001,22.700001,22.700001,000,6.408731
2001-06-19,22.60,22.700001,22.549999,22.700001,2200,6.408731
2001-06-18,22.75,22.75,22.75,22.75,1600,6.422847
2001-06-15,22.75,22.75,22.60,22.60,800,6.380499
2001-06-14,22.75,22.75,22.75,22.75,1600,6.422847
2001-06-13,22.75,22.75,22.75,22.75,100,6.422847
2001-06-12,22.60,22.60,22.60,22.60,200,6.380499
2001-06-11,22.85,22.90,22.85,22.90,3000,6.465195
2001-06-08,22.700001,22.85,22.700001,22.85,600,6.451079
2001-06-07,22.60,22.75,22.60,22.75,800,6.422847
2001-06-06,22.50,22.50,22.50,22.50,000,6.352266
2001-06-05,22.50,22.50,22.50,22.50,000,6.352266
2001-06-04,22.50,22.50,22.50,22.50,100,6.352266
2001-06-01,23.00,23.00,23.00,23.00,200,6.493428
2001-05-31,22.200001,22.200001,22.200001,22.200001,400,6.26757
2001-05-30,22.200001,22.200001,22.200001,22.200001,1000,6.26757
2001-05-29,22.93,22.93,22.93,22.93,1300,6.473665
2001-05-25,23.00,23.00,22.200001,22.200001,4000,6.26757
2001-05-24,23.00,23.00,23.00,23.00,200,6.493428
2001-05-23,23.00,23.00,23.00,23.00,000,6.493428
2001-05-22,23.00,23.00,23.00,23.00,1000,6.493428
2001-05-21,23.00,23.00,23.00,23.00,000,6.493428
2001-05-18,22.50,23.00,22.50,23.00,2400,6.493428
2001-05-17,22.50,22.50,22.50,22.50,300,6.352266
2001-05-16,23.700001,23.700001,23.50,23.50,700,6.634589
2001-05-15,23.25,23.25,23.25,23.25,000,6.564008
2001-05-14,22.76,23.25,22.75,23.25,2900,6.564008
2001-05-11,23.00,23.00,23.00,23.00,000,6.493428
2001-05-10,23.00,23.00,22.75,23.00,2200,6.493428
2001-05-09,22.75,22.75,22.75,22.75,000,6.422847
2001-05-08,23.00,23.50,22.75,22.75,2200,6.422847
2001-05-07,23.940001,23.940001,23.940001,23.940001,000,6.758811
2001-05-04,23.940001,23.940001,23.940001,23.940001,200,6.758811
2001-05-03,23.940001,23.940001,23.940001,23.940001,000,6.758811
2001-05-02,23.940001,23.940001,23.940001,23.940001,800,6.758811
2001-05-01,23.00,23.00,23.00,23.00,000,6.493428
2001-04-30,23.940001,23.940001,23.00,23.00,4200,6.493428
2001-04-27,23.940001,23.940001,23.940001,23.940001,100,6.758811
2001-04-26,23.43,23.43,22.75,22.75,3800,6.422847
2001-04-25,23.43,23.43,23.43,23.43,300,6.614827
2001-04-24,23.43,23.43,23.43,23.43,3200,6.614827
2001-04-23,23.43,23.43,23.43,23.43,000,6.614827
2001-04-20,23.43,23.43,23.43,23.43,000,6.614827
2001-04-19,23.43,23.43,23.43,23.43,000,6.614827
2001-04-18,23.940001,23.940001,23.43,23.43,1800,6.614827
2001-04-17,23.65,23.65,23.65,23.65,400,6.676937
2001-04-16,23.65,23.65,23.65,23.65,300,6.676937
2001-04-12,23.950001,23.950001,23.950001,23.950001,300,6.761635
2001-04-11,23.10,23.10,23.10,23.10,1200,6.52166
2001-04-10,23.950001,23.950001,23.950001,23.950001,900,6.761635
2001-04-09,23.00,23.00,23.00,23.00,3300,6.493428
2001-04-06,23.00,23.00,23.00,23.00,2000,6.493428
2001-04-05,23.00,23.00,23.00,23.00,900,6.493428
2001-04-04,23.00,23.00,23.00,23.00,000,6.493428
2001-04-03,23.00,23.00,23.00,23.00,7100,6.493428
2001-04-02,23.00,23.00,22.875,22.875,3200,6.458137
2001-03-30,23.00,23.00,23.00,23.00,2600,6.493428
2001-03-29,23.50,23.50,23.50,23.50,000,6.634589
2001-03-28,23.50,23.50,23.50,23.50,100,6.634589
2001-03-27,23.00,23.00,23.00,23.00,000,6.344361
2001-03-26,23.00,23.00,23.00,23.00,000,6.344361
2001-03-23,22.875,23.25,22.875,23.00,7000,6.344361
2001-03-22,23.0625,23.50,23.00,23.25,1200,6.413321
2001-03-21,23.50,23.50,23.50,23.50,000,6.482282
2001-03-20,23.50,23.50,23.50,23.50,200,6.482282
2001-03-19,22.75,22.75,22.75,22.75,000,6.2754
2001-03-16,22.75,22.75,22.75,22.75,000,6.2754
2001-03-15,22.75,22.75,22.75,22.75,4900,6.2754
2001-03-14,23.50,23.50,23.50,23.50,1600,6.482282
2001-03-13,23.75,23.75,22.703119,22.703119,31500,6.262469
2001-03-12,23.00,24.125,23.00,24.125,3400,6.654683
2001-03-09,23.00,23.00,22.75,22.75,600,6.2754
2001-03-08,23.75,23.75,23.75,23.75,000,6.551242
2001-03-07,23.75,23.75,23.75,23.75,1200,6.551242
2001-03-06,22.875,22.875,22.875,22.875,000,6.309881
2001-03-05,22.875,22.875,22.875,22.875,1300,6.309881
2001-03-02,22.625,22.625,22.625,22.625,000,6.24092
2001-03-01,22.625,22.625,22.625,22.625,1000,6.24092
2001-02-28,23.625,23.625,23.625,23.625,200,6.516762
2001-02-27,22.625,23.625,22.625,23.625,3000,6.516762
2001-02-26,22.625,22.625,22.625,22.625,400,6.24092
2001-02-23,23.00,23.00,23.00,23.00,600,6.344361
2001-02-22,23.375,23.375,23.375,23.375,1000,6.447801
2001-02-21,22.50,22.50,22.50,22.50,000,6.20644
2001-02-20,22.50,22.50,22.50,22.50,000,6.20644
2001-02-16,22.50,22.50,22.50,22.50,500,6.20644
2001-02-15,23.375,23.375,23.375,23.375,100,6.447801
2001-02-14,23.00,23.00,23.00,23.00,1000,6.344361
2001-02-13,23.375,23.375,23.375,23.375,000,6.447801
2001-02-12,23.375,23.375,23.375,23.375,300,6.447801
2001-02-09,23.25,23.25,23.25,23.25,000,6.413321
2001-02-08,23.25,23.25,23.25,23.25,1100,6.413321
2001-02-07,23.25,23.25,23.25,23.25,000,6.413321
2001-02-06,22.75,23.25,22.75,23.25,2100,6.413321
2001-02-05,22.75,22.75,22.75,22.75,1200,6.2754
2001-02-02,23.125,23.125,23.125,23.125,200,6.378841
2001-02-01,22.50,22.50,21.50,21.50,2100,5.930598
2001-01-31,22.50,22.50,22.50,22.50,300,6.20644
2001-01-30,21.50,22.75,21.50,22.75,700,6.2754
2001-01-29,22.75,22.75,22.75,22.75,000,6.2754
2001-01-26,22.75,22.75,22.75,22.75,000,6.2754
2001-01-25,22.75,22.75,22.75,22.75,100,6.2754
2001-01-24,22.25,22.625,22.25,22.50,5400,6.20644
2001-01-23,22.25,22.25,22.25,22.25,1000,6.137479
2001-01-22,22.25,22.25,22.25,22.25,000,6.137479
2001-01-19,22.125,22.25,21.25,22.25,2200,6.137479
2001-01-18,21.125,22.00,21.125,22.00,3200,6.068519
2001-01-17,21.625,21.625,21.625,21.625,1200,5.965078
2001-01-16,21.625,21.625,21.625,21.625,1400,5.965078
2001-01-12,21.625,21.625,21.625,21.625,000,5.965078
2001-01-11,21.50,21.625,21.50,21.625,2200,5.965078
2001-01-10,21.125,21.50,21.125,21.50,2100,5.930598
2001-01-09,21.125,21.125,21.125,21.125,500,5.827157
2001-01-08,20.75,21.125,20.625,21.125,3300,5.827157
2001-01-05,20.75,20.75,20.50,20.75,3900,5.723717
2001-01-04,20.25,20.25,20.25,20.25,1000,5.585796
2001-01-03,20.00,20.00,20.00,20.00,000,5.516835
2001-01-02,20.00,20.00,20.00,20.00,100,5.516835
2000-12-29,19.75,19.75,19.75,19.75,1300,5.447875
2000-12-28,19.75,20.25,19.75,20.25,1900,5.585796
2000-12-27,20.50,20.50,20.50,20.50,2500,5.654756
2000-12-26,20.25,20.25,20.25,20.25,1000,5.440152
2000-12-22,20.25,20.75,20.25,20.75,2700,5.574476
2000-12-21,20.3125,20.3125,20.3125,20.3125,000,5.456942
2000-12-20,20.3125,20.3125,20.3125,20.3125,400,5.456942
2000-12-19,20.46875,20.46875,20.46875,20.46875,000,5.498919
2000-12-18,20.50,20.50,20.375,20.46875,1800,5.498919
2000-12-15,20.21875,20.50,20.21875,20.25,1900,5.440152
2000-12-14,20.25,20.25,20.25,20.25,800,5.440152
2000-12-13,20.50,20.50,20.46875,20.50,10200,5.507314
2000-12-12,20.50,20.50,20.484381,20.50,6000,5.507314
2000-12-11,20.125,20.125,20.125,20.125,400,5.40657
2000-12-08,20.125,20.125,20.125,20.125,000,5.40657
2000-12-07,20.125,20.125,20.125,20.125,1200,5.40657
2000-12-06,20.125,20.125,20.125,20.125,2000,5.40657
2000-12-05,20.125,20.125,20.125,20.125,400,5.40657
2000-12-04,20.625,20.625,20.625,20.625,000,5.540895
2000-12-01,20.625,20.625,20.625,20.625,000,5.540895
2000-11-30,20.625,20.625,20.625,20.625,000,5.540895
2000-11-29,20.625,20.625,20.625,20.625,200,5.540895
2000-11-28,20.625,20.625,20.625,20.625,5500,5.540895
2000-11-27,20.25,20.4375,20.0625,20.25,15700,5.440152
2000-11-24,20.25,20.25,20.25,20.25,000,5.440152
2000-11-22,20.25,20.25,20.25,20.25,000,5.440152
2000-11-21,20.00,20.75,19.75,20.25,5900,5.440152
2000-11-20,20.00,20.00,20.00,20.00,11000,5.372989
2000-11-17,20.25,20.25,20.1875,20.1875,500,5.423361
2000-11-16,20.00,20.00,20.00,20.00,000,5.372989
2000-11-15,20.00,20.00,20.00,20.00,000,5.372989
2000-11-14,20.00,20.00,20.00,20.00,900,5.372989
2000-11-13,20.375,20.50,19.75,19.75,5800,5.305827
2000-11-10,20.25,20.25,20.25,20.25,000,5.440152
2000-11-09,20.25,20.25,20.25,20.25,2400,5.440152
2000-11-08,20.25,20.25,20.25,20.25,000,5.440152
2000-11-07,20.25,20.25,20.25,20.25,000,5.440152
2000-11-06,20.25,20.25,20.25,20.25,000,5.440152
2000-11-03,20.25,20.25,20.25,20.25,000,5.440152
2000-11-02,21.00,21.00,20.25,20.25,2000,5.440152
2000-11-01,20.953119,20.953119,20.953119,20.953119,1000,5.629044
2000-10-31,20.25,20.75,20.25,20.75,1400,5.574476
2000-10-30,20.75,20.75,20.75,20.75,000,5.574476
2000-10-27,20.75,20.75,20.75,20.75,000,5.574476
2000-10-26,20.75,20.75,20.75,20.75,000,5.574476
2000-10-25,20.75,20.75,20.75,20.75,000,5.574476
2000-10-24,20.75,20.75,20.75,20.75,1000,5.574476
2000-10-23,20.00,20.00,20.00,20.00,000,5.372989
2000-10-20,20.00,20.00,20.00,20.00,000,5.372989
2000-10-19,21.125,21.125,20.00,20.00,5600,5.372989
2000-10-18,20.625,20.625,20.625,20.625,000,5.540895
2000-10-17,20.625,20.625,20.625,20.625,500,5.540895
2000-10-16,20.50,20.50,20.50,20.50,400,5.507314
2000-10-13,20.625,20.625,20.625,20.625,000,5.540895
2000-10-12,20.625,20.625,20.625,20.625,100,5.540895
2000-10-11,21.00,21.00,21.00,21.00,2300,5.641639
2000-10-10,20.375,21.125,20.375,21.125,1400,5.67522
2000-10-09,21.125,21.125,21.125,21.125,000,5.67522
2000-10-06,21.00,21.125,21.00,21.125,1500,5.67522
2000-10-05,20.375,20.375,20.375,20.375,500,5.473733
2000-10-04,20.375,20.375,20.375,20.375,000,5.473733
2000-10-03,20.375,20.375,20.375,20.375,700,5.473733
2000-10-02,20.375,21.00,20.375,21.00,1100,5.641639
2000-09-29,20.375,20.375,20.375,20.375,800,5.473733
2000-09-28,20.625,20.625,20.625,20.625,1400,5.540895
2000-09-27,20.25,20.75,20.125,20.75,7900,5.574476
2000-09-26,20.75,20.75,20.25,20.25,2400,5.298304
2000-09-25,20.375,20.375,20.375,20.375,000,5.33101
2000-09-22,20.375,20.375,20.375,20.375,000,5.33101
2000-09-21,20.375,20.375,20.375,20.375,000,5.33101
2000-09-20,20.125,20.375,20.125,20.375,9000,5.33101
2000-09-19,20.375,20.375,20.375,20.375,2300,5.33101
2000-09-18,20.25,20.25,20.25,20.25,000,5.298304
2000-09-15,20.25,20.25,20.25,20.25,000,5.298304
2000-09-14,20.125,20.25,20.125,20.25,6000,5.298304
2000-09-13,19.75,19.75,19.75,19.75,700,5.167482
2000-09-12,20.00,20.00,20.00,20.00,400,5.232893
2000-09-11,20.25,20.25,20.25,20.25,000,5.298304
2000-09-08,20.25,20.25,20.25,20.25,000,5.298304
2000-09-07,20.25,20.25,20.25,20.25,800,5.298304
2000-09-06,20.25,20.25,20.00,20.00,700,5.232893
2000-09-05,19.75,19.75,19.75,19.75,400,5.167482
2000-09-01,20.75,20.75,20.75,20.75,000,5.429127
2000-08-31,20.75,20.75,20.75,20.75,000,5.429127
2000-08-30,20.75,20.75,20.75,20.75,5000,5.429127
2000-08-29,20.125,20.125,20.125,20.125,2000,5.265599
2000-08-28,20.25,20.25,20.25,20.25,000,5.298304
2000-08-25,19.625,20.25,19.625,20.25,2400,5.298304
2000-08-24,19.75,19.75,19.75,19.75,3000,5.167482
2000-08-23,20.25,20.25,20.25,20.25,600,5.298304
2000-08-22,19.75,19.75,19.75,19.75,000,5.167482
2000-08-21,19.75,19.75,19.75,19.75,000,5.167482
2000-08-18,19.75,19.75,19.75,19.75,000,5.167482
2000-08-17,19.75,19.75,19.75,19.75,2000,5.167482
2000-08-16,19.75,19.75,19.75,19.75,000,5.167482
2000-08-15,19.75,19.75,19.75,19.75,000,5.167482
2000-08-14,19.75,19.75,19.75,19.75,000,5.167482
2000-08-11,19.75,19.875,19.75,19.75,3000,5.167482
2000-08-10,19.00,19.00,19.00,19.00,000,4.971249
2000-08-09,19.00,19.00,19.00,19.00,300,4.971249
2000-08-08,19.75,19.75,19.75,19.75,000,5.167482
2000-08-07,19.75,19.75,19.75,19.75,000,5.167482
2000-08-04,19.50,19.75,19.50,19.75,800,5.167482
2000-08-03,19.125,19.125,19.125,19.125,400,5.003954
2000-08-02,19.00,19.00,19.00,19.00,000,4.971249
2000-08-01,19.00,19.00,19.00,19.00,000,4.971249
2000-07-31,19.00,19.00,19.00,19.00,000,4.971249
2000-07-28,19.00,19.00,19.00,19.00,900,4.971249
2000-07-27,20.25,20.25,20.25,20.25,000,5.298304
2000-07-26,20.25,20.25,20.25,20.25,000,5.298304
2000-07-25,20.25,20.25,20.25,20.25,2000,5.298304
2000-07-24,19.50,19.50,19.00,19.00,1400,4.971249
2000-07-21,19.00,19.00,19.00,19.00,2000,4.971249
2000-07-20,19.00,19.00,19.00,19.00,000,4.971249
2000-07-19,19.00,19.00,19.00,19.00,000,4.971249
2000-07-18,19.00,19.00,19.00,19.00,000,4.971249
2000-07-17,19.00,19.00,19.00,19.00,000,4.971249
2000-07-14,19.00,19.00,19.00,19.00,000,4.971249
2000-07-13,19.00,19.00,19.00,19.00,000,4.971249
2000-07-12,19.00,19.00,19.00,19.00,000,4.971249
2000-07-11,19.00,19.00,19.00,19.00,000,4.971249
2000-07-10,19.00,19.00,19.00,19.00,000,4.971249
2000-07-07,19.00,19.00,19.00,19.00,000,4.971249
2000-07-06,19.00,19.00,19.00,19.00,000,4.971249
2000-07-05,19.00,19.00,19.00,19.00,000,4.971249
2000-07-03,19.00,19.00,19.00,19.00,000,4.971249
2000-06-30,19.00,19.00,19.00,19.00,2000,4.971249
2000-06-29,19.00,19.00,19.00,19.00,200,4.971249
2000-06-28,19.8125,19.8125,19.8125,19.8125,000,5.183835
2000-06-27,19.8125,19.8125,19.8125,19.8125,000,5.183835
2000-06-26,20.375,20.375,20.375,20.375,000,5.192862
2000-06-23,20.375,20.375,20.375,20.375,000,5.192862
2000-06-22,20.375,20.375,20.375,20.375,200,5.192862
2000-06-21,19.50,19.50,19.50,19.50,000,4.969856
2000-06-20,18.875,19.50,18.875,19.50,1000,4.969856
2000-06-19,18.25,18.25,18.25,18.25,000,4.651275
2000-06-16,18.25,18.25,18.25,18.25,000,4.651275
2000-06-15,18.25,18.25,18.25,18.25,000,4.651275
2000-06-14,18.25,18.25,18.25,18.25,100,4.651275
2000-06-13,18.25,18.25,18.25,18.25,000,4.651275
2000-06-12,18.25,18.25,18.25,18.25,000,4.651275
2000-06-09,18.25,18.25,18.25,18.25,000,4.651275
2000-06-08,18.25,18.25,18.25,18.25,000,4.651275
2000-06-07,18.25,18.25,18.25,18.25,000,4.651275
2000-06-06,18.25,18.25,18.25,18.25,000,4.651275
2000-06-05,18.25,18.25,18.25,18.25,000,4.651275
2000-06-02,18.25,18.25,18.25,18.25,000,4.651275
2000-06-01,18.25,18.25,18.25,18.25,000,4.651275
2000-05-31,18.25,18.25,18.25,18.25,000,4.651275
2000-05-30,18.25,18.25,18.25,18.25,400,4.651275
2000-05-26,19.00,19.00,19.00,19.00,500,4.842423
2000-05-25,18.50,18.50,18.50,18.50,000,4.714991
2000-05-24,18.50,18.50,18.50,18.50,400,4.714991
2000-05-23,20.00,20.00,18.50,18.50,800,4.714991
2000-05-22,18.50,18.50,18.50,18.50,1500,4.714991
2000-05-19,18.50,18.50,18.50,18.50,000,4.714991
2000-05-18,18.50,18.50,18.50,18.50,000,4.714991
2000-05-17,18.50,18.50,18.50,18.50,300,4.714991
2000-05-16,18.25,18.25,18.25,18.25,2100,4.651275
2000-05-15,19.00,19.00,19.00,19.00,1200,4.842423
2000-05-12,18.00,18.00,18.00,18.00,000,4.587559
2000-05-11,20.00,20.00,18.00,18.00,900,4.587559
2000-05-10,19.00,19.75,19.00,19.50,4600,4.969856
2000-05-09,18.25,18.25,18.25,18.25,1000,4.651275
2000-05-08,17.875,17.875,17.875,17.875,000,4.555701
2000-05-05,17.875,17.875,17.875,17.875,000,4.555701
2000-05-04,17.875,17.875,17.875,17.875,000,4.555701
2000-05-03,17.875,17.875,17.875,17.875,600,4.555701
2000-05-02,20.00,20.00,20.00,20.00,000,5.097288
2000-05-01,20.00,20.00,20.00,20.00,000,5.097288
2000-04-28,20.00,20.00,20.00,20.00,1000,5.097288
2000-04-27,18.00,18.00,18.00,18.00,000,4.587559
2000-04-26,17.875,20.00,17.875,18.00,3900,4.587559
2000-04-25,20.00,20.00,20.00,20.00,2800,5.097288
2000-04-24,18.00,18.00,18.00,18.00,000,4.587559
2000-04-20,18.00,18.00,18.00,18.00,000,4.587559
2000-04-19,18.00,18.00,18.00,18.00,000,4.587559
2000-04-18,19.00,19.00,18.00,18.00,4200,4.587559
2000-04-17,19.00,19.00,18.00,18.00,3500,4.587559
2000-04-14,18.00,18.25,18.00,18.25,1200,4.651275
2000-04-13,19.625,19.625,19.625,19.625,000,5.001714
2000-04-12,19.625,19.625,19.625,19.625,1600,5.001714
2000-04-11,19.625,19.625,19.625,19.625,000,5.001714
2000-04-10,19.625,19.625,19.625,19.625,000,5.001714
2000-04-07,19.625,19.625,19.625,19.625,000,5.001714
2000-04-06,19.625,19.625,19.625,19.625,100,5.001714
2000-04-05,20.625,20.625,19.00,19.50,1100,4.969856
2000-04-04,19.00,19.00,18.75,18.75,2800,4.778707
2000-04-03,19.50,19.50,19.50,19.50,000,4.969856
2000-03-31,19.50,19.50,19.50,19.50,000,4.969856
2000-03-30,19.50,19.50,19.50,19.50,100,4.969856
2000-03-29,21.375,21.375,21.375,21.375,1000,5.447726
2000-03-28,19.9375,19.9375,19.9375,19.9375,000,5.081359
2000-03-27,20.875,20.875,20.50,20.50,900,5.090152
2000-03-24,19.375,21.00,19.375,20.984381,6100,5.210423
2000-03-23,19.625,21.00,19.625,21.00,800,5.214302
2000-03-22,20.5625,20.5625,20.5625,20.5625,400,5.10567
2000-03-21,21.00,21.00,21.00,21.00,400,5.214302
2000-03-20,20.50,21.50,20.50,21.375,121500,5.307414
2000-03-17,19.50,20.625,19.375,20.625,4900,5.121189
2000-03-16,20.00,20.00,20.00,20.00,000,4.966002
2000-03-15,20.00,20.00,20.00,20.00,500,4.966002
2000-03-14,19.50,19.50,19.50,19.50,1300,4.841851
2000-03-13,19.50,19.50,18.50,19.50,11100,4.841851
2000-03-10,20.875,20.875,20.875,20.875,000,5.183264
2000-03-09,20.875,20.875,20.875,20.875,100,5.183264
2000-03-08,20.875,20.875,20.875,20.875,1000,5.183264
2000-03-07,20.25,20.25,20.00,20.00,300,4.966002
2000-03-06,20.625,20.625,20.625,20.625,100,5.121189
2000-03-03,20.75,20.75,20.75,20.75,000,5.152227
2000-03-02,20.75,20.75,20.75,20.75,000,5.152227
2000-03-01,20.75,20.75,20.75,20.75,2000,5.152227
2000-02-29,20.75,20.75,20.75,20.75,000,5.152227
2000-02-28,20.75,20.75,20.75,20.75,000,5.152227
2000-02-25,20.75,20.75,20.75,20.75,000,5.152227
2000-02-24,20.75,20.75,20.75,20.75,1000,5.152227
2000-02-23,21.125,21.125,21.125,21.125,000,5.245339
2000-02-22,21.125,21.125,21.125,21.125,000,5.245339
2000-02-18,21.75,22.00,21.125,21.125,600,5.245339
2000-02-17,21.875,21.875,21.875,21.875,000,5.431564
2000-02-16,21.875,21.875,21.875,21.875,000,5.431564
2000-02-15,21.875,21.875,21.875,21.875,000,5.431564
2000-02-14,22.00,22.00,21.875,21.875,1500,5.431564
2000-02-11,22.00,22.00,22.00,22.00,000,5.462602
2000-02-10,22.75,22.75,22.00,22.00,700,5.462602
2000-02-09,22.00,22.00,22.00,22.00,000,5.462602
2000-02-08,22.00,22.00,22.00,22.00,000,5.462602
2000-02-07,23.50,23.50,22.00,22.00,400,5.462602
2000-02-04,22.25,22.25,22.25,22.25,000,5.524677
2000-02-03,22.25,22.25,22.25,22.25,1700,5.524677
2000-02-02,23.00,23.00,23.00,23.00,000,5.710902
2000-02-01,23.00,23.00,23.00,23.00,000,5.710902
2000-01-31,23.00,23.00,23.00,23.00,000,5.710902
2000-01-28,23.00,23.00,23.00,23.00,000,5.710902
2000-01-27,23.00,23.00,23.00,23.00,4000,5.710902
2000-01-26,22.50,22.50,22.50,22.50,000,5.586752
2000-01-25,22.50,22.50,22.50,22.50,600,5.586752
2000-01-24,22.265619,22.265619,22.265619,22.265619,000,5.528555
2000-01-21,22.265619,22.265619,22.265619,22.265619,000,5.528555
2000-01-20,21.50,22.50,21.50,22.265619,4000,5.528555
2000-01-19,21.00,21.00,20.875,20.875,2200,5.183264
2000-01-18,21.00,21.00,21.00,21.00,1000,5.214302
2000-01-14,21.00,21.00,21.00,21.00,000,5.214302
2000-01-13,21.25,21.25,21.00,21.00,800,5.214302
2000-01-12,21.625,21.625,21.25,21.25,600,5.276377
2000-01-11,21.625,21.625,21.00,21.015619,40200,5.21818
2000-01-10,21.875,21.875,21.875,21.875,800,5.431564
2000-01-07,22.00,22.00,22.00,22.00,500,5.462602
2000-01-06,21.50,22.50,21.50,22.50,1600,5.586752
2000-01-05,19.00,21.125,19.00,21.125,3300,5.245339
2000-01-04,19.125,19.125,19.125,19.125,000,4.748739
2000-01-03,19.875,19.875,19.125,19.125,1200,4.748739
1999-12-31,20.00,20.00,20.00,20.00,600,4.966002
1999-12-30,21.1875,21.1875,21.1875,21.1875,1500,5.260858
1999-12-29,20.25,20.25,20.125,20.125,600,4.997039
1999-12-28,20.03125,20.03125,20.03125,20.03125,000,4.973761
1999-12-27,20.875,20.875,20.50,20.59375,4500,4.982327
1999-12-23,21.125,21.125,20.875,20.875,2100,5.050371
1999-12-22,21.25,21.25,21.25,21.25,1700,5.141096
1999-12-21,21.25,21.25,21.25,21.25,800,5.141096
1999-12-20,21.25,21.25,21.25,21.25,600,5.141096
1999-12-17,22.75,22.75,22.75,22.75,500,5.503997
1999-12-16,21.75,21.75,21.75,21.75,400,5.262063
1999-12-15,23.375,23.375,21.75,21.75,600,5.262063
1999-12-14,22.00,22.00,22.00,22.00,000,5.322547
1999-12-13,22.25,22.25,22.00,22.00,1900,5.322547
1999-12-10,22.25,22.25,22.25,22.25,400,5.38303
1999-12-09,23.50,23.50,23.50,23.50,000,5.685448
1999-12-08,23.50,23.50,23.50,23.50,100,5.685448
1999-12-07,22.25,22.25,22.25,22.25,000,5.38303
1999-12-06,23.625,23.625,22.25,22.25,2200,5.38303
1999-12-03,22.25,22.25,22.25,22.25,000,5.38303
1999-12-02,22.50,22.50,22.25,22.25,800,5.38303
1999-12-01,22.25,22.25,22.25,22.25,2500,5.38303
1999-11-30,22.50,22.50,22.25,22.25,1600,5.38303
1999-11-29,22.625,22.625,22.625,22.625,000,5.473755
1999-11-26,22.625,22.625,22.625,22.625,000,5.473755
1999-11-24,22.625,22.625,22.625,22.625,000,5.473755
1999-11-23,22.75,22.75,22.625,22.625,1000,5.473755
1999-11-22,22.75,22.75,22.75,22.75,000,5.503997
1999-11-19,22.6875,22.75,22.6875,22.75,1900,5.503997
1999-11-18,22.75,22.75,22.75,22.75,000,5.503997
1999-11-17,23.625,23.625,22.75,22.75,1300,5.503997
1999-11-16,22.625,22.625,22.625,22.625,000,5.473755
1999-11-15,22.625,22.625,22.625,22.625,000,5.473755
1999-11-12,22.625,22.625,22.625,22.625,000,5.473755
1999-11-11,22.625,22.625,22.625,22.625,300,5.473755
1999-11-10,23.50,23.50,23.50,23.50,000,5.685448
1999-11-09,23.50,23.50,23.50,23.50,000,5.685448
1999-11-08,23.50,23.50,23.50,23.50,000,5.685448
1999-11-05,23.50,23.50,23.50,23.50,100,5.685448
1999-11-04,23.375,23.375,23.375,23.375,000,5.655206
1999-11-03,23.375,23.375,23.375,23.375,1000,5.655206
1999-11-02,22.625,22.625,22.625,22.625,200,5.473755
1999-11-01,23.375,23.375,23.375,23.375,1300,5.655206
1999-10-29,22.625,22.625,22.625,22.625,000,5.473755
1999-10-28,22.625,22.625,22.625,22.625,000,5.473755
1999-10-27,22.625,22.625,22.625,22.625,000,5.473755
1999-10-26,22.625,22.625,22.625,22.625,1600,5.473755
1999-10-25,22.875,22.875,22.875,22.875,000,5.534239
1999-10-22,22.875,22.875,22.875,22.875,000,5.534239
1999-10-21,22.875,22.875,22.875,22.875,1000,5.534239
1999-10-20,22.875,22.875,22.875,22.875,200,5.534239
1999-10-19,23.50,23.50,23.50,23.50,200,5.685448
1999-10-18,22.75,23.25,22.75,23.25,1700,5.624964
1999-10-15,23.00,23.00,23.00,23.00,400,5.564481
1999-10-14,23.00,23.00,23.00,23.00,000,5.564481
1999-10-13,23.00,23.00,23.00,23.00,100,5.564481
1999-10-12,23.25,23.25,23.25,23.25,400,5.624964
1999-10-11,23.50,23.50,23.50,23.50,000,5.685448
1999-10-08,23.50,23.50,23.50,23.50,000,5.685448
1999-10-07,23.50,23.50,23.50,23.50,000,5.685448
1999-10-06,22.875,23.50,22.875,23.50,900,5.685448
1999-10-05,23.50,23.50,23.50,23.50,000,5.685448
1999-10-04,23.25,23.50,23.25,23.50,1200,5.685448
1999-10-01,22.75,22.75,22.75,22.75,000,5.503997
1999-09-30,22.75,22.75,22.75,22.75,000,5.503997
1999-09-29,23.00,23.00,22.75,22.75,1300,5.503997
1999-09-28,23.125,23.125,23.125,23.125,1000,5.594722
1999-09-27,23.50,23.50,23.50,23.50,000,5.557706
1999-09-24,23.50,23.50,23.375,23.50,2700,5.557706
1999-09-23,24.25,24.25,24.25,24.25,000,5.73508
1999-09-22,24.25,24.25,24.25,24.25,000,5.73508
1999-09-21,24.25,24.25,24.25,24.25,000,5.73508
1999-09-20,24.25,24.25,24.25,24.25,000,5.73508
1999-09-17,24.25,24.25,24.25,24.25,500,5.73508
1999-09-16,23.50,23.50,23.50,23.50,000,5.557706
1999-09-15,23.50,23.50,23.50,23.50,000,5.557706
1999-09-14,23.50,23.50,23.50,23.50,500,5.557706
1999-09-13,23.50,23.75,23.50,23.75,2500,5.616831
1999-09-10,24.25,24.25,24.25,24.25,1000,5.73508
1999-09-09,24.00,24.00,23.75,23.75,1500,5.616831
1999-09-08,24.25,24.25,24.25,24.25,1200,5.73508
1999-09-07,23.75,24.25,23.75,23.75,1000,5.616831
1999-09-03,23.875,23.875,23.875,23.875,000,5.646393
1999-09-02,24.00,24.00,23.875,23.875,500,5.646393
1999-09-01,24.50,24.50,24.50,24.50,000,5.794205
1999-08-31,24.50,24.50,24.50,24.50,000,5.794205
1999-08-30,24.50,24.50,24.50,24.50,000,5.794205
1999-08-27,24.50,24.50,24.50,24.50,400,5.794205
1999-08-26,24.625,24.625,24.625,24.625,1700,5.823767
1999-08-25,24.375,24.375,24.375,24.375,000,5.764642
1999-08-24,24.375,24.375,24.375,24.375,000,5.764642
1999-08-23,24.375,24.375,24.375,24.375,500,5.764642
1999-08-20,24.25,24.25,24.25,24.25,000,5.73508
1999-08-19,24.25,24.25,24.25,24.25,000,5.73508
1999-08-18,24.25,24.25,24.25,24.25,1100,5.73508
1999-08-17,24.625,24.625,24.625,24.625,000,5.823767
1999-08-16,24.625,24.625,24.625,24.625,000,5.823767
1999-08-13,24.625,24.625,24.625,24.625,000,5.823767
1999-08-12,24.625,24.625,24.625,24.625,500,5.823767
1999-08-11,25.00,25.00,25.00,25.00,000,5.912454
1999-08-10,25.00,25.00,25.00,25.00,1400,5.912454
1999-08-09,24.375,24.375,24.375,24.375,000,5.764642
1999-08-06,24.375,24.375,24.375,24.375,000,5.764642
1999-08-05,24.375,24.375,24.375,24.375,000,5.764642
1999-08-04,24.375,24.375,24.375,24.375,000,5.764642
1999-08-03,24.375,24.375,24.375,24.375,100,5.764642
1999-08-02,24.375,24.375,24.375,24.375,400,5.764642
1999-07-30,25.00,25.00,25.00,25.00,000,5.912454
1999-07-29,24.875,25.00,24.875,25.00,1600,5.912454
1999-07-28,25.25,25.25,24.875,25.00,7200,5.912454
1999-07-27,25.25,25.25,25.25,25.25,600,5.971578
1999-07-26,25.50,25.50,25.50,25.50,000,6.030703
1999-07-23,25.50,25.50,25.50,25.50,000,6.030703
1999-07-22,25.50,25.50,25.50,25.50,000,6.030703
1999-07-21,25.50,25.50,25.50,25.50,700,6.030703
1999-07-20,25.25,25.25,25.25,25.25,000,5.971578
1999-07-19,25.25,25.25,25.25,25.25,3000,5.971578
1999-07-16,25.25,25.25,25.25,25.25,10400,5.971578
1999-07-15,25.25,25.25,25.25,25.25,1700,5.971578
1999-07-14,25.25,25.25,25.25,25.25,1500,5.971578
1999-07-13,25.0625,25.0625,25.0625,25.0625,000,5.927235
1999-07-12,25.0625,25.0625,25.0625,25.0625,000,5.927235
1999-07-09,25.0625,25.0625,25.0625,25.0625,000,5.927235
1999-07-08,25.0625,25.0625,25.0625,25.0625,000,5.927235
1999-07-07,25.75,25.75,25.00,25.0625,40600,5.927235
1999-07-06,25.9375,25.9375,25.9375,25.9375,000,6.134171
1999-07-02,25.9375,25.9375,25.9375,25.9375,000,6.134171
1999-07-01,25.9375,25.9375,25.9375,25.9375,000,6.134171
1999-06-30,25.75,26.00,25.625,25.9375,6500,6.134171
1999-06-29,25.75,25.75,25.75,25.75,000,6.089827
1999-06-28,25.75,25.75,25.75,25.75,1000,6.089827
1999-06-25,25.75,25.75,25.75,25.75,000,6.089827
1999-06-24,25.75,25.75,25.75,25.75,000,6.089827
1999-06-23,25.75,25.75,25.75,25.75,000,6.089827
1999-06-22,25.75,25.75,25.75,25.75,000,6.089827
1999-06-21,25.25,25.75,25.25,25.75,400,6.089827
1999-06-18,25.375,25.375,25.375,25.375,000,6.00114
1999-06-17,25.375,25.375,25.375,25.375,2400,6.00114
1999-06-16,25.75,25.75,25.75,25.75,000,6.089827
1999-06-15,25.75,25.75,25.75,25.75,2400,6.089827
1999-06-14,25.25,25.50,25.25,25.50,2500,6.030703
1999-06-11,25.50,25.50,25.50,25.50,000,6.030703
1999-06-10,25.50,25.50,25.50,25.50,800,6.030703
1999-06-09,25.50,25.50,25.50,25.50,000,6.030703
1999-06-08,25.50,25.50,25.50,25.50,400,6.030703
1999-06-07,25.3125,25.3125,25.3125,25.3125,000,5.986359
1999-06-04,25.3125,25.3125,25.3125,25.3125,000,5.986359
1999-06-03,25.3125,25.3125,25.3125,25.3125,000,5.986359
1999-06-02,25.3125,25.3125,25.3125,25.3125,000,5.986359
1999-06-01,25.3125,25.3125,25.3125,25.3125,000,5.986359
1999-05-28,25.3125,25.3125,25.3125,25.3125,000,5.986359
1999-05-27,25.3125,25.3125,25.3125,25.3125,000,5.986359
1999-05-26,25.3125,25.3125,25.3125,25.3125,600,5.986359
1999-05-25,25.3125,25.3125,25.3125,25.3125,000,5.986359
1999-05-24,25.3125,25.3125,25.3125,25.3125,000,5.986359
1999-05-21,25.25,25.3125,25.25,25.3125,40000,5.986359
1999-05-20,25.3125,25.3125,25.3125,25.3125,200,5.986359
1999-05-19,25.50,25.50,25.50,25.50,1400,6.030703
1999-05-18,25.50,25.50,25.50,25.50,000,6.030703
1999-05-17,25.50,25.50,25.50,25.50,1000,6.030703
1999-05-14,25.50,25.50,25.50,25.50,200,6.030703
1999-05-13,25.25,25.25,25.25,25.25,000,5.971578
1999-05-12,25.25,25.25,25.25,25.25,700,5.971578
1999-05-11,25.375,25.375,25.375,25.375,1200,6.00114
1999-05-10,25.375,25.375,25.375,25.375,3100,6.00114
1999-05-07,25.375,25.375,25.375,25.375,1000,6.00114
1999-05-06,25.25,25.25,25.25,25.25,800,5.971578
1999-05-05,25.9375,25.9375,25.9375,25.9375,4000,6.134171
1999-05-04,25.50,25.50,25.50,25.50,000,6.030703
1999-05-03,25.50,25.50,25.50,25.50,000,6.030703
1999-04-30,25.75,25.75,25.50,25.50,18100,6.030703
1999-04-29,25.375,25.625,25.375,25.625,5000,6.060265
1999-04-28,25.125,25.125,25.125,25.125,1000,5.942016
1999-04-27,25.125,25.125,25.125,25.125,300,5.942016
1999-04-26,25.375,25.375,25.375,25.375,000,6.00114
1999-04-23,25.203119,25.375,25.203119,25.375,7200,6.00114
1999-04-22,25.125,25.125,25.125,25.125,000,5.942016
1999-04-21,25.125,25.125,25.125,25.125,000,5.942016
1999-04-20,25.125,25.125,25.125,25.125,1000,5.942016
1999-04-19,25.25,25.50,25.125,25.50,40400,6.030703
1999-04-16,25.25,25.25,25.25,25.25,000,5.971578
1999-04-15,25.25,25.25,25.25,25.25,500,5.971578
1999-04-14,25.25,25.25,25.25,25.25,000,5.971578
1999-04-13,25.25,25.25,25.25,25.25,000,5.971578
1999-04-12,25.25,25.25,25.25,25.25,900,5.971578
1999-04-09,25.875,25.875,25.875,25.875,000,6.11939
1999-04-08,25.875,25.875,25.875,25.875,000,6.11939
1999-04-07,25.875,25.875,25.875,25.875,200,6.11939
1999-04-06,25.375,25.375,25.375,25.375,000,6.00114
1999-04-05,25.375,25.375,25.375,25.375,200,6.00114
1999-04-01,25.375,25.375,25.375,25.375,000,6.00114
1999-03-31,25.375,25.375,25.375,25.375,300,6.00114
1999-03-30,25.53125,25.53125,25.53125,25.53125,7000,6.038093
1999-03-29,25.50,25.875,25.50,25.875,4500,6.11939
1999-03-26,25.75,25.75,25.625,25.625,1800,6.060265
1999-03-25,25.75,25.75,25.75,25.75,000,6.089827
1999-03-24,25.75,25.75,25.75,25.75,600,6.089827
1999-03-23,25.75,25.75,25.75,25.75,500,6.089827
1999-03-22,25.75,25.75,25.75,25.75,2400,6.089827
1999-03-19,25.625,25.625,25.625,25.625,1200,6.060265
1999-03-18,25.625,25.625,25.625,25.625,800,6.060265
1999-03-17,26.00,26.00,26.00,26.00,100,6.148952
1999-03-16,25.625,25.625,25.625,25.625,000,6.060265
1999-03-15,25.625,25.625,25.625,25.625,000,6.060265
1999-03-12,25.625,25.625,25.625,25.625,1200,6.060265
1999-03-11,25.875,25.875,25.875,25.875,000,6.11939
1999-03-10,25.875,25.875,25.875,25.875,000,6.11939
1999-03-09,25.75,25.875,25.625,25.875,41000,6.11939
1999-03-08,25.625,25.625,25.625,25.625,2000,6.060265
1999-03-05,26.046881,26.046881,25.625,25.625,41900,6.060265
1999-03-04,25.50,25.50,25.50,25.50,000,6.030703
1999-03-03,25.50,25.50,25.50,25.50,000,6.030703
1999-03-02,25.50,25.50,25.50,25.50,2000,6.030703
1999-03-01,25.875,25.875,25.875,25.875,000,6.11939
1999-02-26,25.875,25.875,25.875,25.875,000,6.11939
1999-02-25,26.00,26.00,25.875,25.875,6700,6.11939
1999-02-24,25.75,25.75,25.75,25.75,000,6.089827
1999-02-23,25.625,25.75,25.625,25.75,2200,6.089827
1999-02-22,25.625,25.625,25.625,25.625,200,6.060265
1999-02-19,25.75,25.75,25.75,25.75,000,6.089827
1999-02-18,25.75,25.75,25.75,25.75,000,6.089827
1999-02-17,25.75,25.75,25.75,25.75,1500,6.089827
1999-02-16,25.75,25.75,25.75,25.75,000,6.089827
1999-02-12,26.00,26.00,25.75,25.75,40600,6.089827
1999-02-11,25.50,25.50,25.50,25.50,400,6.030703
1999-02-10,26.00,26.00,26.00,26.00,400,6.148952
1999-02-09,26.00,26.00,26.00,26.00,000,6.148952
1999-02-08,26.00,26.00,26.00,26.00,200,6.148952
1999-02-05,25.75,25.75,25.75,25.75,000,6.089827
1999-02-04,25.75,25.75,25.75,25.75,000,6.089827
1999-02-03,25.75,25.75,25.75,25.75,000,6.089827
1999-02-02,25.953119,25.953119,25.75,25.75,60700,6.089827
1999-02-01,26.00,26.00,26.00,26.00,000,6.148952
1999-01-29,26.00,26.00,26.00,26.00,500,6.148952
1999-01-28,26.00,26.125,26.00,26.00,13200,6.148952
1999-01-27,25.50,26.00,25.50,25.50,36500,6.030703
1999-01-26,26.00,26.00,26.00,26.00,000,6.148952
1999-01-25,26.00,26.00,26.00,26.00,000,6.148952
1999-01-22,26.00,26.00,26.00,26.00,000,6.148952
1999-01-21,26.00,26.00,26.00,26.00,000,6.148952
1999-01-20,26.00,26.00,26.00,26.00,100,6.148952
1999-01-19,25.25,25.375,25.25,25.375,1500,6.00114
1999-01-15,26.00,26.00,26.00,26.00,1700,6.148952
1999-01-14,25.25,25.25,25.25,25.25,1000,5.971578
1999-01-13,26.00,26.00,26.00,26.00,000,6.148952
1999-01-12,26.00,26.00,26.00,26.00,000,6.148952
1999-01-11,26.00,26.00,26.00,26.00,500,6.148952
1999-01-08,25.50,25.50,25.50,25.50,000,6.030703
1999-01-07,25.50,25.50,25.50,25.50,3000,6.030703
1999-01-06,25.50,25.50,25.50,25.50,000,6.030703
1999-01-05,25.50,25.50,25.50,25.50,000,6.030703
1999-01-04,25.50,25.50,25.50,25.50,000,6.030703
1998-12-31,25.50,25.50,25.50,25.50,000,6.030703
1998-12-30,25.50,25.50,25.50,25.50,200,6.030703
1998-12-29,26.00,26.00,26.00,26.00,000,6.148952
1998-12-28,26.00,26.00,26.00,26.00,000,6.148952
1998-12-24,26.00,26.00,26.00,26.00,000,6.148952
1998-12-23,26.00,26.00,26.00,26.00,1200,6.148952
1998-12-22,26.00,26.00,25.50,25.50,400,6.030703
1998-12-21,25.00,25.00,25.00,25.00,100,5.912454
1998-12-18,25.00,25.00,25.00,25.00,2000,5.912454
1998-12-17,26.00,26.00,26.00,26.00,000,6.148952
1998-12-16,26.00,26.00,26.00,26.00,000,6.148952
1998-12-15,26.00,26.00,26.00,26.00,000,6.148952
1998-12-14,26.00,26.00,26.00,26.00,1000,6.148952
1998-12-11,25.25,26.00,25.25,26.00,9000,6.148952
1998-12-10,25.125,26.00,25.125,26.00,24900,6.148952
1998-12-09,25.50,25.50,25.50,25.50,000,6.030703
1998-12-08,25.50,25.50,25.50,25.50,000,6.030703
1998-12-07,25.50,25.50,25.50,25.50,000,6.030703
1998-12-04,25.50,25.50,25.50,25.50,400,6.030703
1998-12-03,25.00,25.00,25.00,25.00,000,5.912454
1998-12-02,25.00,25.00,25.00,25.00,300,5.912454
1998-12-01,25.00,25.00,25.00,25.00,200,5.912454
1998-11-30,25.50,25.50,25.50,25.50,000,6.030703
1998-11-27,25.50,25.50,25.50,25.50,000,6.030703
1998-11-25,25.50,25.50,25.50,25.50,000,6.030703
1998-11-24,25.50,25.50,25.50,25.50,1900,6.030703
1998-11-23,25.50,25.50,25.50,25.50,400,6.030703
1998-11-20,25.25,26.00,25.25,26.00,1000,6.148952
1998-11-19,25.25,25.25,25.25,25.25,000,5.971578
1998-11-18,25.25,25.25,25.25,25.25,000,5.971578
1998-11-17,25.25,25.25,25.25,25.25,000,5.971578
1998-11-16,25.25,25.25,25.25,25.25,900,5.971578
1998-11-13,24.875,24.875,24.875,24.875,200,5.882891
1998-11-12,25.25,25.25,25.25,25.25,3100,5.971578
1998-11-11,25.25,25.25,25.25,25.25,200,5.971578
1998-11-10,25.25,25.25,25.25,25.25,000,5.971578
1998-11-09,25.25,25.25,25.25,25.25,3100,5.971578
1998-11-06,24.875,25.125,24.875,25.0625,5200,5.927235
1998-11-05,25.125,25.125,25.00,25.125,1800,5.942016
1998-11-04,25.00,25.50,25.00,25.50,80500,6.030703
1998-11-03,25.00,25.125,24.875,24.875,1300,5.882891
1998-11-02,25.125,25.125,25.125,25.125,500,5.942016
1998-10-30,25.125,25.125,25.125,25.125,000,5.942016
1998-10-29,25.125,25.125,25.125,25.125,000,5.942016
1998-10-28,25.125,25.125,25.125,25.125,200,5.942016
1998-10-27,25.25,25.25,25.25,25.25,500,5.971578
1998-10-26,25.125,25.125,25.125,25.125,000,5.942016
1998-10-23,25.125,25.125,25.125,25.125,2800,5.942016
1998-10-22,25.125,25.125,25.00,25.00,5800,5.912454
1998-10-21,25.00,25.00,25.00,25.00,400,5.912454
1998-10-20,25.00,25.00,25.00,25.00,1800,5.912454
1998-10-19,24.75,24.75,24.75,24.75,400,5.853329
1998-10-16,25.125,25.125,25.125,25.125,500,5.942016
1998-10-15,25.125,25.125,25.00,25.125,3800,5.942016
1998-10-14,25.25,25.25,25.046881,25.25,2900,5.971578
1998-10-13,25.00,25.25,25.00,25.25,2000,5.971578
1998-10-12,25.00,25.00,25.00,25.00,900,5.912454
1998-10-09,25.125,25.125,25.125,25.125,200,5.942016
1998-10-08,25.00,25.00,24.75,24.75,3600,5.853329
1998-10-07,25.00,25.00,25.00,25.00,3000,5.912454
1998-10-06,25.375,25.375,25.00,25.00,600,5.912454
1998-10-05,25.00,25.00,25.00,25.00,000,5.912454
1998-10-02,25.00,25.00,25.00,25.00,000,5.912454
1998-10-01,25.00,25.00,25.00,25.00,1100,5.912454
1998-09-30,25.75,25.75,25.75,25.75,600,6.089827
1998-09-29,25.625,25.75,25.625,25.75,3600,6.089827
1998-09-28,25.75,25.75,25.75,25.75,100,6.089827
1998-09-25,25.375,25.375,25.375,25.375,000,6.00114
1998-09-24,25.375,25.375,25.375,25.375,000,6.00114
1998-09-23,25.75,25.75,25.125,25.375,3200,6.00114
1998-09-22,25.00,25.00,25.00,25.00,000,5.912454
1998-09-21,25.00,25.00,25.00,25.00,000,5.912454
1998-09-18,25.00,25.00,25.00,25.00,000,5.912454
1998-09-17,25.00,25.00,25.00,25.00,1800,5.912454
1998-09-16,25.50,25.75,25.50,25.75,4500,6.089827
1998-09-15,25.75,25.75,25.75,25.75,200,6.089827
1998-09-14,25.25,25.75,25.25,25.75,9600,6.089827
1998-09-11,25.5625,25.5625,25.5625,25.5625,000,6.045484
1998-09-10,25.5625,25.5625,25.5625,25.5625,5000,6.045484
1998-09-09,26.00,26.00,26.00,26.00,900,6.148952
1998-09-08,25.875,25.875,25.5625,25.875,2000,6.11939
1998-09-04,25.75,25.75,25.625,25.75,4600,6.089827
1998-09-03,25.3125,25.3125,25.3125,25.3125,500,5.986359
1998-09-02,25.00,25.625,25.00,25.625,1700,6.060265
1998-09-01,25.125,25.625,25.125,25.625,9500,6.060265
1998-08-31,25.125,25.125,25.125,25.125,700,5.942016
1998-08-28,25.25,25.25,25.25,25.25,000,5.971578
1998-08-27,25.375,25.375,25.25,25.25,3800,5.971578
1998-08-26,25.375,25.375,25.375,25.375,300,6.00114
1998-08-25,25.375,25.75,25.375,25.50,400,6.030703
1998-08-24,25.75,25.75,25.50,25.625,3900,6.060265
1998-08-21,25.50,25.50,25.50,25.50,000,6.030703
1998-08-20,25.50,25.50,25.50,25.50,2000,6.030703
1998-08-19,25.75,25.875,25.75,25.875,40000,6.11939
1998-08-18,26.00,26.00,26.00,26.00,400,6.148952
1998-08-17,25.875,25.875,25.625,25.625,2400,6.060265
1998-08-14,25.875,25.875,25.875,25.875,500,6.11939
1998-08-13,25.25,25.25,25.25,25.25,200,5.971578
1998-08-12,25.25,25.25,25.25,25.25,100,5.971578
1998-08-11,25.625,25.875,25.625,25.875,40000,6.11939
1998-08-10,25.375,25.375,25.375,25.375,400,6.00114
1998-08-07,25.875,25.875,25.515619,25.6875,160100,6.075046
1998-08-06,25.875,25.875,25.75,25.75,700,6.089827
1998-08-05,25.50,25.75,25.50,25.75,1600,6.089827
1998-08-04,25.75,26.00,25.75,26.00,500,6.148952
1998-08-03,25.75,25.75,25.75,25.75,000,6.089827
1998-07-31,25.75,25.75,25.75,25.75,000,6.089827
1998-07-30,25.75,25.75,25.75,25.75,000,6.089827
1998-07-29,25.75,25.75,25.75,25.75,800,6.089827
1998-07-28,25.625,25.625,25.625,25.625,4200,6.060265
1998-07-27,25.50,25.50,25.50,25.50,700,6.030703
1998-07-24,25.75,25.75,25.75,25.75,8000,6.089827
1998-07-23,26.00,26.00,26.00,26.00,2600,6.148952
1998-07-22,25.5625,25.5625,25.50,25.50,3700,6.030703
1998-07-21,26.00,26.00,25.50,25.50,2200,6.030703
1998-07-20,25.625,26.00,25.50,26.00,14800,6.148952
1998-07-17,25.625,26.00,25.50,25.50,31800,6.030703
1998-07-16,26.00,26.00,26.00,26.00,500,6.148952
1998-07-15,25.625,25.625,25.625,25.625,000,6.060265
1998-07-14,26.00,26.00,25.625,25.625,26300,6.060265
1998-07-13,25.625,25.625,25.625,25.625,400,6.060265
1998-07-10,26.00,26.00,26.00,26.00,2400,6.148952
1998-07-09,25.75,26.00,25.75,26.00,400,6.148952
1998-07-08,25.50,25.50,25.50,25.50,400,6.030703
1998-07-07,25.375,25.75,25.375,25.375,3700,6.00114
1998-07-06,25.375,25.375,25.375,25.375,300,6.00114
1998-07-02,25.50,25.75,25.375,25.375,3800,6.00114
1998-07-01,25.25,25.25,25.25,25.25,1000,5.971578
1998-06-30,25.25,25.25,25.25,25.25,400,5.971578
1998-06-29,25.00,25.25,25.00,25.25,500,5.971578
1998-06-26,25.00,25.00,25.00,25.00,000,5.912454
1998-06-25,24.75,25.00,24.75,25.00,4000,5.912454
1998-06-24,25.50,25.50,25.50,25.50,2700,6.030703
1998-06-23,25.25,25.25,25.25,25.25,000,5.971578
1998-06-22,24.875,25.25,24.875,25.25,500,5.971578
1998-06-19,25.00,25.00,25.00,25.00,000,5.912454
1998-06-18,25.25,25.25,25.00,25.00,1400,5.912454
1998-06-17,25.50,25.625,25.50,25.625,1300,6.060265
1998-06-16,25.50,25.50,25.50,25.50,000,6.030703
1998-06-15,25.875,25.875,25.50,25.50,2000,6.030703
1998-06-12,25.75,25.75,25.625,25.625,2200,6.060265
1998-06-11,25.625,25.625,25.625,25.625,000,6.060265
1998-06-10,25.625,25.625,25.625,25.625,800,6.060265
1998-06-09,25.375,25.375,25.375,25.375,500,6.00114
1998-06-08,25.625,25.625,25.625,25.625,000,6.060265
1998-06-05,25.625,25.625,25.625,25.625,1000,6.060265
1998-06-04,25.50,25.50,25.50,25.50,400,6.030703
1998-06-03,25.50,25.50,25.50,25.50,000,6.030703
